boat 0.7929 0.4944 0.926 0.5495 0.61
boat 0.125 0.5013 0.5959 0.7428 0.973
boat 0.7892 0.5143 0.9009 0.558 0.831
potted plant 0.7544 0.5979 1.0005 0.9954 0.511
boat 0.1012 0.6131 0.6006 0.7433 0.968
boat 0.5421 0.4986 0.6442 0.5484 0.954
boat 0.5259 0.1851 0.6494 0.5475 0.887
boat 0.5917 0.5259 0.6664 0.5503 0.735
boat 0.7864 0.5015 0.9062 0.5447 0.523
boat 0.7881 0.4582 0.9148 0.5376 0.781
person 0.2525 0.5413 0.2985 0.6436 0.982
boat 0.7838 0.1239 0.8991 0.5602 0.993
boat 0.527 0.1803 0.6697 0.5463 0.553
boat 0.7912 0.4986 0.9089 0.5573 0.734
