orange 0.4493 0.1292 0.5554 0.2267 0.924
orange 0.6612 0.2687 0.6858 0.3101 0.896
orange 0.4408 0.1489 0.4865 0.2033 0.871
orange 0.423 0.1628 0.4678 0.2146 0.856
orange 0.5728 0.1852 0.6028 0.2261 0.936
orange 0.926 0.2371 0.955 0.2784 0.806
person 0.6622 0.0007 0.9086 0.9987 0.999
person 0.5013 0.3912 0.6359 0.9974 0.999
orange 0.6114 0.1697 0.6499 0.2207 0.894
orange 0.5931 0.1347 0.6257 0.1792 0.863
orange 0.9271 0.2638 0.9688 0.3205 0.779
handbag 0.8314 0.5448 0.9967 0.9938 0.62
person 0.0315 0.0574 0.1319 0.2554 0.524
dog 0.1328 0.6634 0.534 0.998 0.904
person 0.1395 -0.0012 0.3229 0.6915 0.951
orange 0.6527 0.1038 0.7021 0.1729 0.628
orange 0.5611 0.1604 0.5957 0.2049 0.894
orange 0.6322 0.2664 0.6602 0.3053 0.78
person 0.348 0.268 0.4906 0.7186 0.516
orange 0.6213 0.0876 0.6844 0.1606 0.527
person 0.1385 0.0009 0.3356 1.0001 0.953
handbag 0.815 0.5401 0.9992 0.9947 0.798
orange 0.4759 0.1234 0.5256 0.1718 0.809
orange 0.4526 0.1765 0.4903 0.2183 0.86
dog 0.1316 0.572 0.5202 0.9965 0.75
orange 0.4931 0.1809 0.5313 0.2248 0.909
banana 0.9678 0.0512 1.0 0.1302 0.775
orange 0.6241 0.2456 0.6525 0.2847 0.74
apple 0.5324 0.3395 0.5717 0.3896 0.579
apple 0.4681 0.3473 0.5117 0.399 0.533
orange 0.5639 0.127 0.6579 0.236 0.901
apple 0.5421 0.3084 0.6306 0.4031 0.8
orange 0.95 0.2371 0.9875 0.2972 0.552
orange 0.5537 0.1061 0.6051 0.1616 0.872
person -0.0005 0.0017 0.1748 0.9953 0.999
orange 0.6404 0.2526 0.6691 0.2932 0.912
orange 0.6451 0.2612 0.6801 0.3107 0.921
apple 0.4307 0.2633 0.6054 0.4208 0.959
orange 0.896 0.1974 0.9806 0.324 0.556
banana 0.9481 0.0569 0.9823 0.1366 0.705
person 0.2622 -0.0001 0.3759 0.1691 0.961
orange 0.3493 0.0501 0.4305 0.129 0.667
orange 0.9132 0.1415 0.9483 0.1891 0.593
orange 0.9183 0.2475 0.9471 0.2948 0.85
orange 0.8997 0.1957 0.9283 0.2453 0.6
person 0.3671 0.2689 0.466 0.4703 0.974
orange 0.5397 0.1386 0.5745 0.1849 0.9
orange 0.5105 0.0974 0.6683 0.2494 0.957
apple 0.3132 0.336 0.3947 0.4335 0.863
orange 0.9142 0.2588 0.9427 0.3029 0.703
orange 0.5351 0.1927 0.5643 0.2307 0.941
orange 0.6573 0.2313 0.6859 0.2749 0.836
orange 0.6405 0.1445 0.6888 0.2048 0.77
orange 0.6395 0.3332 0.6746 0.3796 0.599
