cow 0.0057 0.4491 0.0955 0.5878 0.957
cow 0.113 0.4529 0.1852 0.5034 0.822
cow 0.1199 0.5032 0.204 0.6031 0.587
cow 0.7047 0.4632 0.8474 0.6122 0.839
person 0.614 0.4239 0.6708 0.6175 0.949
cow 0.2144 0.4639 0.2747 0.5899 0.514
person 0.6025 0.427 0.6699 0.6185 0.879
cow 0.672 0.4563 0.7143 0.5133 0.552
cow 0.9523 0.472 1.0 0.6139 0.694
cow 0.4314 0.5149 0.5016 0.6128 0.759
cow 0.9573 0.4689 1.0001 0.6083 0.731
cow 0.1599 0.4861 0.2734 0.6064 0.658
cow 0.0951 0.4568 0.1939 0.5982 0.929
cow 0.6657 0.4648 0.7285 0.5995 0.605
cow 0.3301 0.4652 0.4565 0.6187 0.977
cow 0.1902 0.4513 0.2483 0.4887 0.573
cow 0.1469 0.4683 0.287 0.6075 0.909
cow 0.3433 0.4609 0.4517 0.532 0.733
cow 0.56 0.4552 0.6253 0.6117 0.777
cow 0.9714 0.4708 1.0001 0.6091 0.58
cow 0.0779 0.4825 0.1638 0.5874 0.836
cow 0.6711 0.4631 0.7282 0.5424 0.598
cow 0.6742 0.4622 0.7767 0.6138 0.898
cow 0.5313 0.4674 0.6066 0.6156 0.641
cow 0.2086 0.4535 0.2749 0.5013 0.581
cow 0.4569 0.4616 0.5921 0.6233 0.983
person 0.8951 0.4182 0.9612 0.6551 0.998
cow 0.8159 0.4717 0.9284 0.6267 0.821
cow 0.1009 0.5042 0.176 0.6158 0.87
cow 0.6609 0.4731 0.7121 0.6135 0.581
cow 0.2436 0.4573 0.3785 0.5952 0.928
cow 0.7971 0.4616 0.9565 0.626 0.543
cow 0.161 0.4525 0.2462 0.5146 0.728
cow 0.7528 0.4739 0.8871 0.6177 0.707
cow 0.4449 0.5107 0.5402 0.6171 0.641
cow 0.4563 0.4594 0.5725 0.5424 0.652
