clock 0.7171 0.2184 0.7995 0.3309 0.873
person 0.7642 0.6059 0.7856 0.6912 0.679
person 0.7993 0.6158 0.8142 0.6744 0.829
person 0.667 0.7501 0.8067 0.9989 0.994
person 0.3979 0.6654 0.4836 0.985 0.998
car 0.7188 0.5973 0.751 0.6254 0.661
car 0.7149 0.5922 0.7411 0.6142 0.821
person 0.8084 0.6166 0.8248 0.6829 0.786
handbag 0.6261 0.9001 0.6842 1.0002 0.804
skateboard 0.3939 0.9519 0.4854 0.9999 0.581
person 0.6527 0.5831 0.6665 0.6189 0.501
car 0.6842 0.6257 0.7212 0.6774 0.944
person 0.7043 0.6185 0.7444 0.7507 0.988
person 0.7014 0.6165 0.7392 0.7482 0.925
person 0.8114 0.6218 0.8284 0.6885 0.901
person 0.7318 0.6072 0.7571 0.7113 0.769
person 0.746 0.6217 0.7726 0.72 0.742
backpack 0.7535 0.8124 0.8291 0.9989 0.658
car 0.6858 0.6315 0.7148 0.6733 0.747
person 0.3224 0.6276 0.3492 0.6999 0.543
person 0.7938 0.6101 0.8078 0.6613 0.755
person 0.7904 0.6133 0.804 0.6693 0.646
person 0.7811 0.6067 0.797 0.6683 0.852
person 0.3584 0.6131 0.3842 0.7041 0.988
person 0.7411 0.6164 0.782 0.748 0.995
person 0.601 0.5858 0.6147 0.6303 0.634
