person 0.0003 0.1964 0.086 0.4088 0.597
person 0.3728 0.2229 0.4312 0.3487 0.925
person 0.6944 0.344 0.7545 0.4444 0.737
person 0.3482 0.2569 0.417 0.404 0.869
person 0.2965 0.3059 0.3637 0.4165 0.674
person 0.6066 0.2954 0.6935 0.4456 0.984
person 0.0043 0.3345 0.0576 0.4155 0.864
person 0.2654 0.3416 0.3324 0.424 0.558
dog 0.4643 0.6496 0.5507 0.7993 0.863
person 0.0306 0.2011 0.1091 0.4064 0.94
person 0.0997 0.233 0.1495 0.3594 0.626
person 0.0258 0.2662 0.1107 0.4121 0.553
person 0.6169 0.2213 0.6921 0.4122 0.626
person 0.4457 0.2423 0.5265 0.3999 0.832
sheep 0.2507 0.5388 0.5196 0.8492 0.977
sheep 0.1834 0.5199 0.3321 0.8425 0.895
person 0.6109 0.2211 0.686 0.4046 0.829
person 0.2074 0.2041 0.2682 0.3434 0.761
person 0.1204 0.1818 0.2675 0.5775 0.998
person 0.3959 0.3124 0.4698 0.4712 0.795
person 0.337 0.2726 0.4108 0.4126 0.864
person 0.3933 0.3069 0.4615 0.4145 0.937
person 0.0001 0.1889 0.038 0.4022 0.947
person 0.6102 0.2985 0.6904 0.4436 0.56
sheep 0.1917 0.5223 0.3263 0.8469 0.875
sheep 0.0644 0.5363 0.2563 0.84 0.995
person 0.4849 0.3039 0.5758 0.417 0.986
person 0.819 0.2757 0.9035 0.4428 0.956
person 0.2327 0.2092 0.2951 0.4031 0.7
person 0.2725 0.2145 0.3322 0.3657 0.982
person 0.7627 0.3358 0.8482 0.4505 0.98
person 0.3124 0.2754 0.4118 0.417 0.941
cell phone 0.171 0.2712 0.1922 0.3145 0.706
person 0.6925 0.2227 0.7944 0.4194 0.988
person 0.444 0.2381 0.5094 0.3686 0.911
person 0.5081 0.1971 0.6013 0.4016 0.983
sheep 0.3044 0.5363 0.5279 0.8548 0.994
person 0.4325 0.3511 0.49 0.4208 0.658
