person 0.5426 0.5014 0.5632 0.5622 0.891
boat 0.5555 0.45 0.5817 0.4693 0.879
person 0.4481 0.5069 0.4658 0.5421 0.634
person 0.5552 0.5066 0.5746 0.5529 0.722
person 0.8839 0.4848 0.904 0.5312 0.718
person 0.7281 0.572 0.7619 0.6845 0.962
person 0.6421 0.5307 0.6812 0.691 0.998
person 0.5048 0.4989 0.5271 0.5596 0.895
boat 0.6849 0.4591 0.714 0.4732 0.942
bird 0.936 0.6191 0.954 0.6555 0.756
person 0.892 0.4846 0.9091 0.5308 0.859
dog 0.3106 0.6167 0.3649 0.653 0.978
boat 0.0976 0.4008 0.1762 0.5193 0.945
person 0.5465 0.5 0.5668 0.5608 0.902
boat 0.4028 0.351 0.5316 0.5636 0.911
boat 0.6865 0.4573 0.7162 0.4733 0.585
person 0.4912 0.5058 0.5133 0.5628 0.909
person 0.7585 0.535 0.8053 0.7472 0.603
boat 0.5553 0.4516 0.5819 0.4708 0.626
person 0.4886 0.5053 0.5082 0.5597 0.91
boat 0.9251 0.4584 0.9587 0.4743 0.548
person 0.7903 0.4775 0.8066 0.5221 0.835
boat 0.0803 0.4856 0.1819 0.5162 0.975
person 0.7339 0.5711 0.7637 0.6829 0.677
person 0.5356 0.4973 0.5611 0.5652 0.947
person 0.7785 0.5319 0.8105 0.6735 0.973
person 0.8902 0.4875 0.9048 0.5276 0.723
boat 0.3244 0.3882 0.3766 0.5289 0.898
person 0.8797 0.4867 0.8965 0.5304 0.574
boat 0.2855 0.4365 0.326 0.4818 0.92
person 0.7673 0.5383 0.8008 0.6754 0.839
boat 0.7336 0.3748 0.8474 0.5324 0.939
person 0.5336 0.4976 0.5555 0.5646 0.974
boat 0.7393 0.4824 0.7961 0.5305 0.666
