person 0.9762 0.4826 1.0 0.5934 0.966
person 0.6878 0.4863 0.7002 0.5271 0.797
person 0.8222 0.4905 0.8434 0.5757 0.841
dog 0.8321 0.5826 0.896 0.6521 0.737
person 0.7134 0.4827 0.7266 0.5273 0.875
person 0.829 0.4664 0.8744 0.5978 0.992
horse 0.0018 0.3967 0.6099 0.9954 0.997
person 0.6497 0.4831 0.6645 0.5312 0.606
person 0.7555 0.4934 0.7684 0.5332 0.849
person 0.7324 0.4825 0.7462 0.5298 0.857
motorcycle 0.9105 0.518 0.9632 0.5725 0.666
dog 0.8289 0.5715 0.9068 0.6537 0.557
person 0.7944 0.4902 0.8091 0.534 0.654
person 0.701 0.4855 0.7136 0.5274 0.821
person 0.7521 0.4937 0.7641 0.5311 0.687
person 0.6002 0.4829 0.6149 0.5337 0.613
person 0.7727 0.4957 0.7852 0.5356 0.666
person 0.6198 0.4801 0.6341 0.5316 0.793
person 0.6181 0.4814 0.6323 0.5325 0.742
person 0.669 0.4868 0.6827 0.5316 0.717
person 0.7234 0.4833 0.7363 0.5269 0.797
person 0.6064 0.4814 0.6202 0.5323 0.53
person 0.7592 0.4926 0.7716 0.5318 0.737
person 0.7208 0.4851 0.733 0.5267 0.617
person 0.7271 0.48 0.7402 0.5291 0.548
person 0.77 0.4907 0.7833 0.534 0.837
person 0.8148 0.4901 0.8362 0.5757 0.846
person 0.7026 0.4873 0.7147 0.526 0.686
person 0.8628 0.4798 0.8985 0.5924 0.961
person 0.8368 0.4694 0.8754 0.5848 0.789
person 0.6916 0.4867 0.7033 0.5277 0.75
person 0.6764 0.4875 0.6897 0.5294 0.741
person 0.7961 0.4871 0.8121 0.5344 0.719
person 0.7813 0.4901 0.7959 0.5347 0.823
