chair 0.24901500000000001 0.277083 0.5663590000000001 0.6692910000000001
chair 0.028656 0.011228999999999989 0.230906 0.339333
chair 0.789156 0.013666499999999998 1.0 0.3836035
chair 0.6953125 0.19216650000000002 0.9433434999999999 0.49993750000000003
chair 0.0033595000000000014 0.405833 0.0437185 0.820625
person 0.3067345 0.1322085 0.5814535 0.7861454999999999
laptop 0.5831405 0.41122899999999996 0.8848275 0.6966249999999999
laptop 0.10450000000000001 0.5026875 0.367422 0.8824585
mouse 0.487391 0.708333 0.546563 0.7801250000000001
keyboard 0.46545349999999996 0.5482915 0.6134065 0.6765205
keyboard 0.1586555 0.679979 0.3229685 0.8386870000000001
keyboard 0.6468750000000001 0.525062 0.750281 0.670354
cell phone 0.849406 0.5064580000000001 0.881312 0.537104
laptop 0.6302655 0.6120005 0.8339065 0.7223335
laptop 0.6317655 0.6349579999999999 0.8329685 0.744208
laptop 0.622031 0.6319165 0.827297 0.7692915
laptop 0.619406 0.6562085000000001 0.8217180000000001 0.7934795
laptop 0.6189845 0.682396 0.8171255 0.8128960000000001
