kite 0.31973399999999996 0.198792 0.799312 0.43914600000000004
person 0.662688 0.6466245 0.674 0.6883955
person 0.7100775 0.626166 0.7248905 0.682604
person 0.4424065 0.6355624999999999 0.4661255 0.6988335
person 0.563484 0.63175 0.5772499999999999 0.683708
person 0.5393755 0.66925 0.5514064999999999 0.6932919999999999
car 0.20114 0.6513955 0.252406 0.6884165
person 0.7913275 0.6261255 0.7995464999999999 0.6616045
person 0.4793595 0.6358545000000001 0.4943285 0.6957295
person 0.623859 0.641854 0.640203 0.690146
person 0.8614685 0.6032704999999999 0.8726875000000001 0.6303955
person 0.6407185 0.6475205 0.6556095 0.6898535
person 0.49281250000000004 0.638958 0.5101095 0.693104
car 0.6786405 0.611937 0.6938435000000001 0.628125
car 0.819094 0.5908745 0.8439380000000001 0.6090415
car 0.9455475 0.5646869999999999 0.9816564999999999 0.577229
car 0.9150469999999999 0.5710205 0.943125 0.5858955
car 0.6040314999999999 0.6170209999999999 0.6283905 0.635417
car 0.7280004999999999 0.604146 0.7578595 0.6233339999999999
car 0.36878150000000004 0.638 0.3873125 0.653042
car 0.7655625 0.5976454999999999 0.7896255 0.6170625
person 0.13012449999999998 0.658375 0.1459995 0.688875
car 0.400672 0.635667 0.452266 0.6583129999999999
car 0.8385155 0.5910415 0.8557965000000001 0.6046665
car 0.850563 0.5773750000000001 0.863297 0.595063
person 0.6771725 0.632042 0.6942815 0.691146
person 0.15937549999999995 0.597917 0.9765625 0.7166669999999999
