bird 0.0134215 0.752521 0.0742345 0.806583
chair 0.7804530000000001 0.48472849999999995 0.971719 0.6481454999999999
chair 0.6756095 0.5183955 0.8295785 0.6127085000000001
chair 0.5472494999999999 0.590354 0.6639685 0.706458
chair 0.5284535 0.5501045 0.5879845 0.7122295000000001
person 0.5044845 0.488667 0.5506255 0.732209
person 0.19600049999999997 0.5136245 0.3397035 0.5626455
person 0.3430475 0.42681250000000004 0.42565650000000005 0.6297295
person 0.577531 0.5288535000000001 0.7652650000000001 0.5917705
person 0.4206715 0.5090005 0.5144685 0.7226874999999999
umbrella 0.514453 0.328812 0.810359 0.704562
umbrella 0.09657849999999998 0.33256250000000004 0.2861095 0.4290835
umbrella 0.20964050000000004 0.327188 0.5405775 0.7013959999999999
umbrella 0.7284845 0.3414375 0.9497655 0.5949585
person 0.251781 0.513062 0.364875 0.5723539999999999
chair 0.262453 0.472271 0.429969 0.6130209999999999
