1 0.38909630408653845 0.06366098257211539 0.4065965388371394 0.07816481370192307 1.0
1 0.5135283015324519 0.34308922400841346 0.529898916391226 0.3589751493013822 1.0
1 0.04435308603140024 0.22510695237379807 0.061462813157301684 0.24109112079326922 1.0
1 0.5376287372295673 0.4069355187049279 0.5507357553335337 0.4284153395432692 1.0
1 0.1910441354604868 0.3518572998046875 0.20904618483323317 0.3646942138671875 1.0
1 0.045070037841796876 0.24915128267728365 0.060145445603590746 0.2614580359825721 1.0
1 0.26837968092698317 0.005637674331665039 0.2873805119441106 0.019855147141676684 1.0
1 0.08193365243765025 0.0020010757446289064 0.10048694317157451 0.012986395909236028 1.0
1 0.08731881948617788 0.17854623647836537 0.10365084134615385 0.1975188739483173 1.0
1 0.18526834341195914 0.14757420466496393 0.20646458552433894 0.1672962130033053 1.0
1 0.1760873060960036 0.13011512169471154 0.19184310913085936 0.14689644446739783 1.0
1 0.3348572246844952 0.3368847186748798 0.3537492018479567 0.3489934833233173 1.0
1 0.022684893974891075 0.2537647658128005 0.03837104797363281 0.2677391169621394 1.0
1 0.35928253173828123 0.2526074688251202 0.3736150418795072 0.26477926400991586 1.0
1 0.007229540164654071 0.28232271634615386 0.022553389622614935 0.2994789710411659 1.0
1 0.302162592961238 0.018109532869779146 0.3170611102764423 0.03576453282282903 1.0
1 0.19526891855093148 0.3437570659930889 0.21113210824819711 0.3564204758864183 1.0
1 0.29697850153996397 0.011628021827110877 0.3097991943359375 0.02680526146521935 1.0
1 0.028218636145958535 0.5361774620643028 0.04970618027907151 0.5583027531550481 1.0
1 0.1517107450045072 0.3451710392878606 0.1653516329251803 0.361118398813101 1.0
1 0.023399737431452825 0.26321204552283656 0.03643287952129658 0.27943561260516825 0.9999998807907104
1 0.3058620276817909 0.320474853515625 0.32424342228816105 0.3310101318359375 0.9999998807907104
1 0.2073933293269231 0.07573809697077824 0.22765911395733174 0.097072020310622 0.9999998807907104
1 0.3645770733173077 0.24473529522235576 0.38312159611628605 0.25799755389873796 0.9999997615814209
1 0.376549799992488 0.0766774162879357 0.39720003568209133 0.09063987731933594 0.9999996423721313
1 0.2091966130183293 0.32229283259465147 0.2248552997295673 0.33773907001201925 0.9999996423721313
1 0.035579869196965146 0.2066387704702524 0.05528409517728365 0.22604661207932691 0.9999994039535522
1 0.10145946796123798 0.3495938579852764 0.12149446927584134 0.36588214580829326 0.9999973773956299
1 0.31553870567908654 0.3110345224233774 0.3411890352689303 0.3282929171048678 0.9999535083770752
1 0.16057421170748198 0.3493274395282452 0.1737479224571815 0.364181401179387 0.9998481273651123
1 0.3295134089543269 0.33199988731971153 0.345570068359375 0.341586679311899 0.9996604919433594
1 0.38503514216496393 0.09547508239746094 0.3998192889873798 0.11274564302884615 0.9991415739059448
1 0.5635175499549279 0.43715970552884614 0.5819490872896634 0.45621380145733176 0.9946905970573425
1 0.3971772179236779 0.05885689955491286 0.41157982459435094 0.07306313734788161 0.9839280247688293
1 0.48356295072115385 0.6499566650390625 0.5061404653695913 0.6679318472055289 0.9193134307861328
1 0.5028874793419471 0.6069253305288461 0.5234384390024038 0.6265765850360577 0.882178783416748
1 0.610311044546274 0.4993962684044471 0.6335100379356972 0.517763671875 0.7654715180397034
1 0.9347044020432692 0.3032762498121995 0.9555757023737981 0.31858471210186295 0.7433921694755554
1 0.508967050405649 0.17954351571890023 0.529703603891226 0.1956108680138221 0.602637529373169
1 0.7547846397986779 0.32546696589543267 0.767847665640024 0.34721339299128606 0.5314545631408691
1 0.5849524864783654 0.5226714618389423 0.6063794884314904 0.5414734356219952 0.3566867411136627
1 0.6211861008864182 0.14817259568434496 0.6387726769080528 0.16629132784329928 0.3336068093776703
1 0.7733555720402644 0.3272589580829327 0.7909746844951923 0.3435753925030048 0.26540860533714294