1 0.3464502657376803 0.12208849393404447 0.35780310997596154 0.1375938532902644 1.0
1 0.36238318810096154 0.12441016564002404 0.373678964468149 0.14155130239633412 1.0
1 0.6258724740835336 0.2594165978064904 0.6485026667668269 0.2724871356670673 1.0
1 0.26363060584435094 0.5092186560997596 0.2803489332932692 0.5208926156850961 1.0
1 0.3761798799954928 0.9092433518629808 0.38815270057091344 0.93234375 1.0
1 0.6918442476712741 0.5447953913762019 0.7024013577974759 0.559761728140024 1.0
1 0.08590295644906851 0.23729440542367788 0.10315824068509616 0.2553625723031851 1.0
1 0.07798491844764123 0.14933272141676682 0.09099320631760817 0.16906692504882812 1.0
1 0.509725341796875 0.1896895071176382 0.5277263465294472 0.20645960881159856 1.0
1 0.051378103402944714 0.23318624643179087 0.06301335848294772 0.24819676325871395 1.0
1 0.4970208740234375 0.20670506403996394 0.5165106201171875 0.22054783747746395 1.0
1 0.01358674562894381 0.25408926156850964 0.028815477811373197 0.26612757756159855 1.0
1 0.2000530536358173 0.4271459021935096 0.22015620304987982 0.43651569073016827 1.0
1 0.5406177696814903 0.20790414663461537 0.5606825608473558 0.21822169377253606 1.0
1 0.9459000338040865 0.38087439903846154 0.9567637282151442 0.39987210787259614 1.0
1 0.7182478215144231 0.12827974759615385 0.7295400766225961 0.1453126173753005 1.0
1 0.6737203275240384 0.42529207669771635 0.6850962007962741 0.4430125075120192 1.0
1 0.794632568359375 0.24026108961838943 0.8116709547776443 0.25386082575871394 1.0
1 0.1989019071138822 0.4384457162710337 0.2193798123873197 0.44827016977163464 1.0
1 0.10218708918644832 0.23874537541316107 0.11135197566105769 0.2546729454627404 1.0
1 0.34642681415264426 0.5062454458383413 0.3663427264873798 0.5217753248948317 1.0
1 0.42866262582632214 0.6192373422475962 0.4460910268930288 0.6542021766075721 1.0
1 0.3300195782001202 0.15253354586087742 0.350697749211238 0.16303347074068508 1.0
1 0.07891948993389424 0.45093609149639424 0.0928006333571214 0.46707913912259613 1.0
1 0.774832763671875 0.2465210195688101 0.7866909555288462 0.26292398306039666 1.0
1 0.3949676983173077 0.633537128155048 0.40723416841947113 0.6515058781550481 1.0
1 0.2678852257361779 0.3384406221829928 0.29080958439753607 0.3489525662935697 1.0
1 0.3260541475736178 0.5036713585486778 0.3351923311673678 0.5201426344651442 1.0
1 0.10667704655573919 0.6738796762319712 0.11855958205003005 0.6938682673527644 1.0
1 0.31426180326021635 0.5027561598557693 0.3255142916165865 0.5224667123647837 0.9999998807907104
1 0.6567981896033653 0.26662940392127404 0.6712303748497597 0.3041149198091947 0.9999997615814209
1 0.9535922475961538 0.21811253474308895 0.9725392503004807 0.23389779897836538 0.9999995231628418
1 0.30927058293269233 0.7820908297025241 0.32496546818659855 0.8211031400240385 0.9999991655349731
1 0.7318451866736779 0.0035933344180767352 0.746651376577524 0.017944903740516077 0.9999966621398926
1 0.177928713285006 0.7123113074669472 0.1928155752328726 0.7287592491736778 0.9999954700469971
1 0.49516695462740384 0.24906841571514424 0.5126423058143029 0.2626937161959135 0.9999831914901733
1 0.11790748009314904 0.4106487567608173 0.1316453317495493 0.42853717510516826 0.9989437460899353
1 0.7032655217097356 0.5420374474158653 0.7122256234975961 0.5566551795372596 0.9985731840133667
1 0.5406171593299279 0.2203771503155048 0.5610564716045673 0.23029170109675481 0.9969441294670105
1 0.3558250544621394 0.039951383150540865 0.3687939453125 0.057439217200646035 0.9968236684799194
1 0.5786494328425481 0.7516133939302885 0.5909835111177885 0.770019766000601 0.9957433342933655
1 0.6514126352163462 0.25202932504507214 0.6715447998046875 0.26307767427884615 0.994738757610321
1 0.9482040640024039 0.6842238675631009 0.9615912334735577 0.7015433443509616 0.9806442260742188
1 0.37245361328125 0.1859361032339243 0.38647003173828126 0.1995619084284856 0.9050117135047913
1 0.9481299767127404 0.7838799109825721 0.9622054349459135 0.8012654935396635 0.8369140625
1 0.647605731670673 0.42073617788461537 0.6616462590144231 0.4385130427433894 0.5416780114173889
1 0.40751708984375 0.11018008892352764 0.41817969689002404 0.12543552105243388 0.4294242262840271
1 0.25446392352764424 0.20972414456881008 0.2743001145582933 0.22202078012319712 0.38654595613479614
1 0.0 0.9874384014423077 0.01242445285503681 0.9979477163461539 0.26648786664009094
1 0.013477410536545973 0.24230330247145432 0.028868807279146636 0.25323819673978365 0.15465442836284637
1 0.218567622258113 0.5158183875450721 0.23014732947716346 0.5329188420222356 0.08019469678401947
1 0.8026064828725962 0.0013585424423217774 0.8231100698617788 0.012452637599064753 0.052479952573776245
1 0.007815156349769006 0.5685232309194711 0.02222758513230544 0.5856475830078125 0.050440844148397446