1 0.2840186251126803 0.08249264643742488 0.3048418719951923 0.09632220341609074 1.0
1 0.06959782527043269 0.9284952486478365 0.08826208261343149 0.9495633638822115 1.0
1 0.3748662860576923 0.5239850323016827 0.39546541654146633 0.5359264667217548 1.0
1 0.9181370192307692 0.7856733116736779 0.9377048903245192 0.7993413837139423 1.0
1 0.028658479543832632 0.2000122305063101 0.050628802959735576 0.2126549353966346 1.0
1 0.6406222768930289 0.7855155123197115 0.651304180438702 0.8032680100661058 1.0
1 0.7153565392127403 0.2611108163686899 0.7288115516075722 0.27697519155649036 1.0
1 0.7151165771484375 0.5392505821814904 0.7281330754206731 0.5585052490234375 1.0
1 0.8780906325120192 0.5033525672325722 0.8897324782151442 0.5204542424128605 1.0
1 0.5961894812950721 0.8758255709134616 0.6125247427133413 0.8938509427584135 1.0
1 0.9260782564603366 0.5204737736628606 0.9377997295673077 0.5394550499549279 1.0
1 0.8163350736177885 0.309947744516226 0.8382608736478365 0.32587500939002406 1.0
1 0.38196556678185095 0.9836866173377404 0.4039100529597356 0.9966521747295674 1.0
1 0.2157635028545673 0.7275152587890625 0.22767742450420672 0.748135986328125 1.0
1 0.15257103553185097 0.5250638521634615 0.1689971923828125 0.5414642333984375 1.0
1 0.19723172701322114 0.48850130521334134 0.21750894399789664 0.5009648719200721 1.0
1 0.163204099214994 0.9008433180588943 0.17490557157076322 0.9198715444711538 1.0
1 0.26713637131911055 0.6627625920222355 0.2873822960486779 0.6788270451472356 1.0
1 0.7890798715444711 0.8032722355769231 0.8125906137319712 0.8149077899639423 1.0
1 0.26474325326772835 0.9019496506911058 0.2788901695838341 0.9193461726262019 0.9999998807907104
1 0.3752361356295072 0.6690412785456731 0.39249809852013223 0.682583759014423 0.9999998807907104
1 0.8747695688100962 0.18911974393404446 0.8961491511418269 0.20101039006159857 0.9999997615814209
1 0.8840583683894231 0.824871826171875 0.9082223745492789 0.8361464280348557 0.9999997615814209
1 0.07286148071289063 0.7125353064903847 0.09325811532827524 0.7254935396634615 0.9999991655349731
1 0.36167395958533655 0.9619918118990385 0.3757340181790865 0.9790736741286058 0.9999983310699463
1 0.6603009972205529 0.4379595008263221 0.6725638521634615 0.46384305513822116 0.9999980926513672
1 0.2232085946890024 0.4172734656700721 0.23586390568659857 0.43557344876802884 0.9999979734420776
1 0.9040701998197115 0.5513638070913461 0.9173284442608173 0.5676097693810096 0.9999969005584717
1 0.9092888934795673 0.5061607947716347 0.9210401329627403 0.5263506141075721 0.9999960660934448
1 0.6610689603365385 0.36706402118389425 0.6734461388221153 0.3872003643329327 0.9999855756759644
1 0.9079291240985576 0.5862564791165865 0.9213066218449519 0.6034120060847356 0.9999831914901733
1 0.9602799166165865 0.19333106407752404 0.9732030310997596 0.21260718712439905 0.9999598264694214
1 0.5572825739933894 0.030354989858774037 0.5736348783052885 0.04547034336970403 0.9999561309814453
1 0.16725223247821513 0.5446215350811298 0.18692619910606972 0.5579681865985577 0.9999396800994873
1 0.3371140700120192 0.7717328819861778 0.3513537128155048 0.7880592698317308 0.999923825263977
1 0.5951982703575721 0.03027786841759315 0.6115400108924279 0.044743787325345556 0.999323844909668
1 0.5296306903545673 0.49332791841947116 0.5459813983623798 0.5084898493840144 0.9991121888160706
1 0.5457194166917068 0.4940173809344952 0.5573420128455528 0.5108401254507211 0.9972551465034485
1 0.5665887920673077 0.6220816274789663 0.5841150371844952 0.6353026404747596 0.9931849837303162
1 0.49632709209735576 0.49905855618990386 0.5121581561748798 0.5158236459585337 0.9924963712692261
1 0.629061748798077 0.6180776742788462 0.6472353421724759 0.6352342810997597 0.976768970489502
1 0.38827075664813704 0.33747035099909856 0.40395474947415866 0.35087299053485577 0.962774932384491
1 0.5075921161358173 0.4948626708984375 0.5201801476111779 0.5137278864933894 0.9382018446922302
1 0.9253110914963942 0.9849227201021634 0.9421021446814903 1.0 0.8145540356636047
1 0.573526611328125 0.34184351994441103 0.5861556302584134 0.36191089336688703 0.7832295894622803
1 0.5194623741736779 0.4973577880859375 0.532038339468149 0.5137890625 0.6955979466438293
1 0.569181377704327 0.6008248197115384 0.589947744516226 0.61236572265625 0.6027984023094177
1 0.8433804086538461 0.8011714993990384 0.8599746469350962 0.8137315016526442 0.44979965686798096
1 0.19402010404146636 0.3028382286658654 0.2130871112530048 0.31238173264723557 0.35453230142593384
1 0.5785144981971154 0.652127920297476 0.593086688701923 0.6648517784705529 0.20625567436218262
1 0.9533209698016827 0.41257925180288463 0.9705167330228366 0.42765700120192307 0.19577065110206604
1 0.552411358173077 0.4948041710486779 0.566963125375601 0.5132623291015626 0.19056478142738342
1 0.37430699275090146 0.5113926344651443 0.39432697002704326 0.5192691274789664 0.15372805297374725
1 0.6230851393479567 0.44149695763221153 0.6420435509314903 0.4626178917518029 0.11182113736867905
1 0.2106446016751803 0.4172313514122596 0.2270324237530048 0.4301496300330529 0.11177391558885574
1 0.5254886099008413 0.8765431565504808 0.5384015831580529 0.8937980769230769 0.10173890739679337
1 0.14359380868765023 0.5391780442457933 0.1635750755896935 0.5560554856520433 0.0932551845908165
1 0.8688425856370192 0.29601485032301683 0.8846494704026442 0.31196359487680286 0.06983243674039841
1 0.461574941781851 0.7378580416165865 0.4803083683894231 0.751725088266226 0.05432296171784401