person 0.6759 0.4915 0.6847 0.5253 0.803
person 0.7026 0.4916 0.7113 0.5254 0.743
person 0.646 0.4922 0.6567 0.5294 0.561
person 0.8519 0.4777 0.891 0.6099 0.997
person 0.7896 0.4974 0.802 0.5336 0.789
person 0.8094 0.4905 0.8265 0.5694 0.951
dog 0.8179 0.5848 0.8836 0.6595 0.998
person 0.9688 0.4872 0.9846 0.5329 0.539
person 0.7418 0.4955 0.7521 0.5277 0.853
person 0.7445 0.4948 0.7543 0.5274 0.71
person 0.8975 0.5038 0.9143 0.5444 0.593
person 0.6623 0.4931 0.6707 0.5261 0.598
backpack 0.8627 0.5029 0.8894 0.5602 0.767
person 0.9668 0.4828 0.9917 0.5958 0.986
person 0.6256 0.4903 0.6357 0.5313 0.65
person 0.8303 0.4769 0.8555 0.5916 0.589
person 0.7527 0.4963 0.7633 0.5297 0.856
person 0.8151 0.487 0.833 0.5694 0.685
person 0.6897 0.4914 0.6982 0.5245 0.786
person 0.7805 0.4969 0.793 0.5335 0.839
person 0.6032 0.4886 0.613 0.5313 0.52
person 0.7695 0.4972 0.7804 0.5311 0.763
person 0.6082 0.4895 0.6183 0.5322 0.638
person 0.6855 0.4915 0.6944 0.5245 0.827
person 0.6656 0.4911 0.6745 0.525 0.701
horse -0.0001 0.3999 0.6019 0.9935 0.999
person 0.9514 0.4948 0.9658 0.5298 0.943
person 0.9506 0.4886 0.9703 0.5562 0.739
person 0.8887 0.5048 0.9045 0.5434 0.62
person 0.7554 0.4954 0.7663 0.5299 0.83
person 0.7663 0.4954 0.7776 0.5318 0.835
horse 0.0002 0.4507 0.1394 0.6472 0.525
person 0.6145 0.4894 0.625 0.5314 0.706
person 0.9766 0.4849 0.9978 0.5902 0.869
person 0.7104 0.4921 0.7192 0.5244 0.721
person 0.6652 0.4947 0.6762 0.5279 0.607
person 0.6938 0.4912 0.7024 0.5236 0.746
person 0.8196 0.4766 0.8479 0.5915 0.988
person 0.6967 0.4912 0.7057 0.5246 0.851
person 0.7125 0.4925 0.7216 0.5243 0.799
person 0.7306 0.4932 0.7397 0.5267 0.554
person 0.7164 0.4914 0.7259 0.5256 0.812
