person 0.0046 0.3332 0.0493 0.4038 0.626
person 0.4342 0.2466 0.5079 0.395 0.935
person 0.4435 0.3552 0.4785 0.4049 0.699
person 0.7471 0.3407 0.827 0.6491 0.536
person 0.0593 0.2041 0.1079 0.343 0.69
person 0.6754 0.3708 0.7466 0.6867 0.833
person 0.0 0.1869 0.0308 0.3873 0.569
person 0.6026 0.3023 0.6724 0.4349 0.966
person 0.8044 0.2703 0.8789 0.4425 0.894
person 0.2954 0.32 0.3738 0.5789 0.689
person 0.0001 0.332 0.0697 0.698 0.678
sheep 0.4063 0.6178 0.5049 0.8172 0.761
sheep 0.0972 0.5419 0.2504 0.8438 0.546
person 0.7514 0.3387 0.8241 0.455 0.962
person 0.4992 0.2 0.5886 0.4024 0.976
person 0.0012 0.24 0.1017 0.4049 0.936
person 0.673 0.3399 0.7274 0.4418 0.837
person 0.0002 0.2437 0.1033 0.6911 0.62
person 0.299 0.3179 0.3676 0.4126 0.892
person 0.3705 0.2193 0.4171 0.3329 0.787
sheep 0.2888 0.6136 0.5026 0.8365 0.827
person 0.3478 0.2676 0.4075 0.4012 0.919
sheep 0.1114 0.5602 0.1961 0.6125 0.921
sheep 0.1115 0.5207 0.3159 0.8423 0.974
person 0.4805 0.3 0.5644 0.4188 0.974
person 0.2605 0.2117 0.3305 0.3931 0.944
person 0.1284 0.1792 0.2756 0.5874 0.996
person 0.2127 0.2013 0.2674 0.3243 0.925
sheep 0.1956 0.5181 0.3143 0.84 0.922
sheep 0.2535 0.5378 0.5074 0.8487 0.997
sheep 0.0727 0.5415 0.2446 0.8419 0.968
person 0.744 0.3415 0.8295 0.6869 0.614
person 0.3919 0.3103 0.4429 0.408 0.955
person 0.6737 0.2281 0.7685 0.4414 0.991
person 0.5345 0.3626 0.6322 0.6811 0.927
person 0.5599 0.3649 0.6179 0.433 0.524
dog 0.444 0.6571 0.5324 0.8043 0.987
tie 0.1732 0.2755 0.198 0.3209 0.517
person 0.5962 0.2183 0.6763 0.3805 0.969
