person 0.5231 0.4976 0.5397 0.5609 0.87
dog 0.3123 0.6173 0.3657 0.6527 0.998
boat 0.5579 0.4611 0.5899 0.4721 0.978
boat 0.4054 0.3551 0.5005 0.5285 0.902
person 0.5022 0.5007 0.5209 0.5628 0.93
boat 0.2832 0.4397 0.346 0.4849 0.732
person 0.7344 0.5775 0.7619 0.6863 0.993
boat 0.0808 0.4879 0.182 0.5167 0.9
person 0.7697 0.5456 0.796 0.679 0.875
person 0.7638 0.541 0.7905 0.6792 0.559
boat 0.0 0.462 0.0052 0.488 0.858
person 0.4667 0.5076 0.4805 0.5738 0.619
person 0.8731 0.4887 0.8882 0.5351 0.885
person 0.8924 0.4898 0.9083 0.5336 0.991
person 0.4938 0.502 0.5119 0.5619 0.915
person 0.7784 0.5333 0.8041 0.6752 0.993
boat 0.3097 0.389 0.3865 0.5203 0.984
person 0.454 0.5077 0.4692 0.576 0.951
boat 0.6877 0.4621 0.7259 0.4739 0.941
boat 0.794 0.3738 0.8744 0.5406 0.798
boat 0.48 0.3755 0.5853 0.4948 0.557
boat 0.4053 0.3559 0.5289 0.5602 0.961
person 0.3737 0.5015 0.3894 0.5257 0.531
boat 0.7265 0.3771 0.8031 0.5231 0.874
person 0.5312 0.4975 0.5481 0.5613 0.89
person 0.5114 0.4967 0.5285 0.5607 0.801
boat 0.9306 0.4406 0.9641 0.4656 0.528
boat 0.2837 0.4204 0.3216 0.4851 0.92
boat 0.0801 0.4023 0.1805 0.5162 0.986
boat 0.9172 0.4636 0.9522 0.4761 0.931
boat 0.9152 0.4587 0.9505 0.4767 0.983
person 0.7579 0.5563 0.7874 0.68 0.974
person 0.4547 0.5033 0.4705 0.5779 0.987
boat 0.282 0.4647 0.3289 0.4853 0.823
person 0.5224 0.4989 0.5394 0.5618 0.864
boat 0.7303 0.3688 0.8762 0.5374 0.97
person 0.648 0.5318 0.6821 0.6906 0.998
person 0.54 0.4982 0.5562 0.561 0.822
person 0.5471 0.5021 0.5641 0.5652 0.986
