cow 0.4567 0.4628 0.5648 0.6166 0.999
cow 0.2312 0.4621 0.2754 0.5917 0.505
cow 0.1011 0.5031 0.1661 0.5973 0.827
person 0.881 0.423 0.948 0.6552 0.999
cow 0.7243 0.4641 0.8984 0.6124 0.992
cow 0.4292 0.516 0.4859 0.6117 0.966
cow 0.9381 0.4762 0.9805 0.6117 0.924
cow 0.9531 0.4717 1.0001 0.6011 0.966
cow 0.4426 0.4623 0.4806 0.5274 0.937
cow 0.2456 0.4598 0.3717 0.5937 0.995
cow 0.3205 0.4675 0.441 0.6162 0.997
cow 0.0113 0.4472 0.0986 0.5884 0.995
cow 0.1572 0.4575 0.2522 0.6029 0.994
cow 0.0921 0.456 0.1766 0.5264 0.86
cow 0.5371 0.4625 0.6057 0.6042 0.963
cow 0.2357 0.4997 0.2728 0.5914 0.705
cow 0.6443 0.4604 0.6994 0.5944 0.765
cow 0.6596 0.4612 0.7526 0.6115 0.997
cow 0.0895 0.4578 0.18 0.5944 0.951
dog 0.9659 0.7353 1.0 0.9812 0.972
person 0.5958 0.4261 0.662 0.6124 0.999
cow 0.5386 0.461 0.5978 0.5331 0.85
