person 0.6386 0.5908 0.6472 0.6178 0.811
person 0.6996 0.5828 0.7104 0.6137 0.634
person 0.6332 0.5906 0.6418 0.6172 0.883
suitcase 0.3329 0.6628 0.356 0.7017 0.711
handbag 0.7242 0.6618 0.7454 0.7103 0.873
handbag 0.7452 0.6533 0.7685 0.6996 0.724
person 0.7494 0.6061 0.7634 0.6396 0.786
person 0.7356 0.6181 0.7754 0.7498 0.996
person 0.7162 0.6088 0.7302 0.6376 0.775
person 0.7024 0.6159 0.7301 0.7468 0.702
person 0.781 0.6097 0.7941 0.6511 0.81
person 0.6365 0.591 0.6448 0.6177 0.798
person 0.7705 0.6128 0.7858 0.66 0.898
person 0.786 0.62 0.8001 0.6762 0.555
person 0.7617 0.6141 0.7778 0.6647 0.895
person 0.3382 0.6194 0.3738 0.7043 0.998
traffic light 0.7807 0.4931 0.8088 0.5257 0.962
person 0.7372 0.606 0.7503 0.6361 0.782
dog 0.3819 0.9605 0.466 1.0 0.955
person 0.6366 0.5908 0.6456 0.6181 0.579
person 0.3936 0.6706 0.4781 0.9761 0.999
person 0.7894 0.6127 0.8026 0.6562 0.796
person 0.7226 0.6133 0.7364 0.6481 0.75
handbag 0.6413 0.917 0.7291 0.9991 0.856
person 0.7184 0.6166 0.7436 0.7432 0.871
person 0.766 0.6211 0.7835 0.71 0.899
person 0.8005 0.6277 0.8157 0.683 0.846
person 0.3299 0.6543 0.3529 0.7001 0.544
person 0.7816 0.6166 0.7969 0.6771 0.844
car 0.6954 0.6167 0.7309 0.6489 0.604
car 0.6749 0.6246 0.7118 0.6785 0.989
person 0.6997 0.6157 0.7339 0.7514 0.993
person 0.6965 0.5848 0.7078 0.6147 0.661
clock 0.7084 0.2179 0.7872 0.3219 0.994
person 0.6395 0.7601 0.7992 0.9984 0.999
person 0.7063 0.5824 0.7176 0.6135 0.733
