apple 0.3113 0.3803 0.3801 0.4416 0.881
apple 0.4685 0.2843 0.5167 0.3275 0.501
apple 0.3422 0.2988 0.3787 0.3403 0.928
handbag -0.0 0.389 0.1098 0.7472 0.941
apple 0.4785 0.3599 0.5193 0.4062 0.634
person 0.124 0.0007 0.3153 0.511 0.682
orange 0.6644 0.2703 0.6925 0.3131 0.849
apple 0.5893 0.2923 0.6834 0.3989 0.743
person 0.9715 0.286 1.0 0.4885 0.592
orange 0.6363 0.2536 0.6781 0.2997 0.942
apple 0.5913 0.2981 0.6267 0.3391 0.548
apple 0.3502 0.3 0.3889 0.345 0.512
apple 0.4631 0.3486 0.4953 0.3909 0.589
person 0.9616 0.1006 0.9999 0.499 0.674
apple 0.896 0.2168 0.9896 0.3354 0.612
apple 0.3594 0.3 0.3906 0.3398 0.93
person 0.3771 0.2733 0.4687 0.4678 0.985
orange 0.6531 0.2414 0.6898 0.2875 0.678
apple 0.554 0.3252 0.5929 0.3676 0.517
person -0.0002 0.0046 0.1688 0.9926 0.999
orange 0.3634 0.0003 0.4004 0.0352 0.579
orange 0.6128 0.1029 0.7149 0.2373 0.882
apple 0.3219 0.1787 0.4245 0.2584 0.989
apple 0.3175 0.3216 0.3603 0.373 0.753
apple 0.3042 0.3176 0.3899 0.4393 0.87
apple 0.4239 0.1165 0.5921 0.2465 0.847
person 0.2722 0.0001 0.3801 0.1492 0.992
person 0.1238 0.0019 0.3126 0.7 0.976
person 0.9186 0.0 0.9591 0.0324 0.567
apple 0.4539 0.2711 0.6664 0.4201 0.756
orange 0.6543 0.2759 0.6835 0.3166 0.786
apple 0.4664 0.3128 0.5027 0.3536 0.502
person 0.9711 0.0555 1.0 0.5085 0.552
apple 0.3328 0.3006 0.3626 0.3384 0.61
apple 0.9277 0.2553 0.9752 0.3149 0.562
dog 0.1331 0.6899 0.5266 0.9954 0.535
apple 0.4672 0.3058 0.5475 0.3865 0.712
apple 0.4543 0.2788 0.6217 0.4125 0.908
person 0.5002 0.3847 0.6383 0.9984 0.999
apple 0.5876 0.2944 0.6239 0.3406 0.672
apple 0.4569 0.3285 0.6075 0.4206 0.83
handbag 0.308 0.067 0.3437 0.1637 0.767
person 0.6603 0.0012 0.9108 0.9976 1.0
orange 0.5423 0.1031 0.6599 0.2384 0.954
