1 0.3268098332331731 0.4108831317608173 0.34318824181189905 0.4268907752403846 1.0
1 0.16862689678485576 0.3984924785907452 0.1822381591796875 0.4125353064903846 0.9999998807907104
1 0.8273644080528846 0.4171721942608173 0.8433080115685097 0.43189119779146634 0.9999998807907104
1 0.13535690307617188 0.9788724459134616 0.14525698148287258 0.9973809344951923 0.9999996423721313
1 0.9746249624399038 0.22949554443359374 0.9899104191706731 0.24548731877253605 0.9999957084655762
1 0.7071309720552884 0.41451317420372596 0.7239665809044471 0.42923452524038463 0.9999936819076538
1 0.3678514216496394 0.4672517277644231 0.38400383582481973 0.4827582726111779 0.9999923706054688
1 0.48303363506610575 0.9789951735276442 0.4989771446814904 0.9950984074519231 0.9999904632568359
1 0.14968035184420073 0.6434776893028846 0.16312833345853364 0.6603864464393029 0.9999784231185913
1 0.6784658578725962 0.348651123046875 0.6970504995492789 0.3621713256835937 0.9999371767044067
1 0.670716552734375 0.4798968975360577 0.6857209660456731 0.49780231182391826 0.9999041557312012
1 0.4128876201923077 0.9784372182992789 0.42430264986478367 0.9988093449519231 0.999864935874939
1 0.2650072537935697 0.4076893967848558 0.27835362361027643 0.42517193134014425 0.999860405921936
1 0.1479831988994892 0.6165563495342548 0.1626558861365685 0.6325181227463942 0.9997792840003967
1 0.9720401705228365 0.26176250751201924 0.9878209510216346 0.27835674579326924 0.9996343851089478
1 0.6374252084585337 0.41160851111778846 0.6534406926081731 0.42704261192908655 0.9995843768119812
1 0.8154935396634615 0.7670693734975962 0.8299710787259615 0.7824822998046875 0.9993847608566284
1 0.3443848125751202 0.9847213979867788 0.35630610539362984 1.0 0.9993315935134888
1 0.5339166259765625 0.4823559100811298 0.5526210843599759 0.4995024695763221 0.9993267059326172
1 0.14570801955003004 0.3996539776141827 0.1619137925368089 0.41428255521334134 0.998651921749115
1 0.8066472919170673 0.7182861328125 0.8230249962439904 0.733863525390625 0.9960671067237854
1 0.7921634615384615 0.40401254507211537 0.8053285569411057 0.4213434307391827 0.9764849543571472
1 0.7309374060997597 0.7960763784555288 0.745551992563101 0.8115277569110577 0.9346686601638794
1 0.6790983698918269 0.6664970984825721 0.694140625 0.6862165245643029 0.9330362677574158
1 0.2218755164513221 0.7238554499699519 0.2377403846153846 0.7385957219050481 0.9110651612281799
1 0.04167413564828726 0.860360107421875 0.05543967026930589 0.8782078200120192 0.8332089185714722
1 0.330299072265625 0.9839054987980769 0.35305504432091345 0.9996337890625 0.7905303239822388
1 0.4351050743689904 0.6564534818209135 0.4516580434945913 0.6718805870643029 0.7106562852859497
1 0.4234985821063702 0.9783677321213943 0.43525752140925483 0.998867938701923 0.5992817282676697
1 0.48326998197115384 0.9610993840144231 0.4972401310847356 0.9771853402944711 0.541907787322998
1 0.3056830068734976 0.6774410306490385 0.32213902400090144 0.6934354341947115 0.31126126646995544
1 0.4267388446514423 0.978858642578125 0.4331383807842548 0.9971332256610577 0.21394702792167664
1 0.08341458247258113 0.7133943997896635 0.10140963040865385 0.7293161714993991 0.20784582197666168
1 0.34416306715745193 0.5073954890324519 0.3603174532376803 0.5225705190805289 0.15443210303783417
1 0.5019535006009616 0.9840607158954326 0.5184998497596154 0.9953574782151442 0.07440678030252457
1 0.9673857234074519 0.5122419151893028 0.9849215932992789 0.5290896841195913 0.0587087944149971