1 0.02848926250751202 0.5361960073617789 0.04978103637695312 0.5580453725961538 1.0
1 0.5376095346304086 0.40774085411658656 0.5504036301832933 0.42910738431490386 1.0
1 0.5140500582181491 0.3434307391826923 0.5298647836538461 0.3593725116436298 1.0
1 0.5616861666165865 0.43566256009615384 0.5828018892728365 0.45482008713942307 1.0
1 0.3776061307466947 0.075763426560622 0.39711768517127405 0.08972981379582332 1.0
1 0.17590542133037862 0.12867975088266226 0.19355144794170673 0.14674530029296876 1.0
1 0.044005241394042965 0.22486558180588942 0.060780211228590744 0.24196385310246393 1.0
1 0.18460604154146634 0.14817752544696514 0.20710465651292068 0.16849130483774039 1.0
1 0.19019418569711538 0.35109771728515626 0.20925454946664662 0.36545867919921876 1.0
1 0.006601729759803185 0.2823137958233173 0.02155028123121995 0.2979955585186298 1.0
1 0.08821506206805889 0.17827059232271636 0.10270382220928485 0.19851583627554087 1.0
1 0.5459346360426682 0.4527387883112981 0.5669195087139423 0.4733287635216346 1.0
1 0.2697294734074519 0.005354240124042217 0.28939439039963943 0.0195516116802509 1.0
1 0.30316014216496395 0.018227408482478214 0.3186780958909255 0.03619874220628005 0.9999998807907104
1 0.023407322810246396 0.26479949951171877 0.035535466120793266 0.27950221135066106 0.9999998807907104
1 0.33591822697566104 0.3364525193434495 0.35482593242938704 0.3490515606219952 0.9999997615814209
1 0.388423579289363 0.06410859914926383 0.4071093280498798 0.07731826782226563 0.9999996423721313
1 0.20751622126652644 0.07668620769794171 0.2273389376126803 0.09680914071890025 0.9999995231628418
1 0.15071294931265025 0.3454454392653245 0.16696881807767427 0.36121478740985574 0.9999994039535522
1 0.08153157160832332 0.0013654237527113695 0.10019474909855769 0.012454926417424128 0.9999994039535522
1 0.32810706505408654 0.3309508573091947 0.34558807373046874 0.341274648813101 0.999998927116394
1 0.3058512056790865 0.32052281306340147 0.3242821561373197 0.3313079364483173 0.9999988079071045
1 0.3971784855769231 0.05864062969501202 0.4128830190805288 0.07171244694636418 0.9999980926513672
1 0.29689227764423076 0.0114989133981558 0.30995391845703124 0.0271818601168119 0.9999967813491821
1 0.3595488797701322 0.252123530461238 0.37436377892127404 0.2655052302433894 0.9999947547912598
1 0.31350177471454327 0.31130774864783656 0.341290776179387 0.3285021503155048 0.9999912977218628
1 0.021215384556696967 0.2546741192157452 0.0366319832435021 0.268015629695012 0.9999740123748779
1 0.07022624089167669 0.1788338646521935 0.08739543034480168 0.20089688814603365 0.9999666213989258
1 0.1597024418757512 0.34924903282752406 0.176595212496244 0.364359130859375 0.9999233484268188
1 0.030900186391977162 0.20614001934344953 0.053926966740534855 0.2301751708984375 0.9998495578765869
1 0.04657550811767578 0.2485637958233173 0.05808099599984976 0.261673583984375 0.9998143315315247
1 0.20787064772385816 0.32253021240234375 0.2242713341346154 0.33629547119140624 0.9995344877243042
1 0.5130956092247596 0.17963691124549278 0.5318321814903846 0.19315868671123798 0.9985625147819519
1 0.7652223088191106 0.2930652090219351 0.781898944561298 0.31154017521784855 0.9981725215911865
1 0.1951153799203726 0.3431217604417067 0.21137258676382212 0.3556444138746995 0.9971488118171692
1 0.6995201228215144 0.3232086181640625 0.7384785344050481 0.36731370192307694 0.995547890663147
1 0.17111682598407452 0.19283642108623797 0.18729041466346155 0.20958580603966345 0.9924854636192322
1 0.5965390249399039 0.19647113506610578 0.6247189565805289 0.21230137751652645 0.9861120581626892
1 0.38934783935546874 0.09480636596679687 0.4067999267578125 0.10950677724984977 0.9844600558280945
1 0.06304885864257813 0.34895432692307693 0.08862294123722957 0.383881601186899 0.9808334112167358
1 0.3661932842548077 0.2444678203876202 0.3827770526592548 0.2585552509014423 0.9797709584236145
1 0.5594371619591346 0.17116232065054088 0.5823098520132212 0.18708361112154448 0.979506254196167
1 0.5889947509765625 0.11902418870192308 0.60542724609375 0.13365805992713342 0.9716798067092896
1 0.38139674260066103 0.22752101017878607 0.3958289043719952 0.24411055344801683 0.8651209473609924
1 0.9276362492487981 0.11328819861778847 0.9494534067007212 0.13011182344876804 0.7731713652610779
1 0.10254657451923077 0.34606025108924277 0.12057672353891226 0.36648827185997596 0.7313011884689331
1 0.773989492563101 0.32554168701171876 0.7911973219651443 0.34445960411658655 0.7039477825164795
1 0.39220179631159857 0.06099746704101563 0.40961702786959137 0.07407606858473557 0.6840420365333557
1 0.9565333909254807 0.41956026517427886 0.9754409555288461 0.4363446983924279 0.5645272731781006
1 0.7255000187800481 0.34400421142578125 0.7601089242788461 0.37278472900390625 0.4471186399459839
1 0.9347623384915865 0.11850679837740384 0.9511104642427884 0.1420098172701322 0.40660110116004944
1 0.623342050405649 0.13187809870793268 0.6376165771484374 0.14986132108248196 0.13989222049713135
1 0.7617965932992788 0.34355933556189905 0.77536376953125 0.37087355393629806 0.12138225883245468
1 0.3851277982271635 0.09658395033616286 0.399940185546875 0.11214320256159856 0.07199504226446152