1 0.5105607722355769 0.19033069317157453 0.5277922175480769 0.20640662560096154 1.0
1 0.26373150165264425 0.5090748009314904 0.28009373591496395 0.5207507793719952 1.0
1 0.30830010047325723 0.7827296330378606 0.3254595947265625 0.8202988844651442 1.0
1 0.3761267794095553 0.9093910569411058 0.388118661733774 0.9316952749399039 1.0
1 0.6913764836237981 0.5446429443359375 0.702535400390625 0.5602332951472355 1.0
1 0.34641148493840146 0.12156474186823918 0.3575568096454327 0.1377300555889423 1.0
1 0.6737146935096154 0.42599384014423075 0.6847965181790865 0.4431874436598558 1.0
1 0.3624364764873798 0.12485474806565505 0.3736322490985577 0.14199097853440504 1.0
1 0.05195244422325721 0.23330179067758414 0.06307015052208534 0.2484271005483774 1.0
1 0.49740492600661057 0.2067315204326923 0.5173676476111779 0.22080174372746394 1.0
1 0.34640101506159854 0.5061908428485576 0.3658484356219952 0.5215805288461538 1.0
1 0.7747083928034856 0.24665341890775241 0.7862790151742789 0.2639782949594351 1.0
1 0.10635898296649639 0.673860849233774 0.11903862586388221 0.6933051476111779 1.0
1 0.6267796443058894 0.2595592792217548 0.6495014836237981 0.2729551579402043 1.0
1 0.7944349083533654 0.2393254206730769 0.8112330979567308 0.253989985539363 1.0
1 0.08619471623347356 0.23692307692307693 0.10249861497145432 0.25512883112980766 1.0
1 0.014076340015117938 0.2537836397611178 0.02825846451979417 0.26650303767277644 1.0
1 0.3297222196138822 0.15274716890775242 0.3503905545748197 0.16344284057617187 1.0
1 0.19936328594501201 0.42684945913461536 0.22043853759765625 0.4364541391225962 0.9999998807907104
1 0.325877192570613 0.5043313363882211 0.33531336857722355 0.5203819392277644 0.9999998807907104
1 0.07819317744328426 0.14921617948091948 0.09075434758112981 0.16861483060396634 0.9999998807907104
1 0.19911853496844953 0.4383910193810096 0.21990692138671875 0.44839876615084134 0.9999997615814209
1 0.394955068734976 0.6331517615685096 0.40708946814903846 0.6515046105018029 0.9999997615814209
1 0.718382568359375 0.1285000492976262 0.7296965144230769 0.14532865084134616 0.9999997615814209
1 0.9460575045072115 0.38116551325871395 0.9573502291165865 0.3995014366736779 0.9999996423721313
1 0.1024084237905649 0.23794950045072116 0.1116043208195613 0.2550893695537861 0.9999995231628418
1 0.6574640831580529 0.2670474947415865 0.6715500582181491 0.30013129601111777 0.9999995231628418
1 0.5417424128605769 0.20754004845252405 0.5606694148137019 0.21843562199519231 0.9999990463256836
1 0.4278241436298077 0.6172623384915865 0.4450616924579327 0.6544607309194711 0.9999980926513672
1 0.3148209322415865 0.5015052208533654 0.32510460486778847 0.5215340951772837 0.9997957348823547
1 0.2683320030799279 0.33860595703125 0.28831094595102164 0.3490055025540865 0.9997001886367798
1 0.07868804344764123 0.4512543663611779 0.09223042414738582 0.4691397329477163 0.9991224408149719
1 0.5644572096604568 0.45731464092548074 0.5756264085036058 0.47222261868990384 0.9982181191444397
1 0.7025045072115385 0.5437552584134615 0.713869863656851 0.5583639761117788 0.996112048625946
1 0.372356450007512 0.18446917020357573 0.3876353806715745 0.19844747690054088 0.3116266131401062
1 0.42494952862079327 0.503573749248798 0.4370237379807692 0.5181076284555288 0.21660025417804718
1 0.5275307053786058 0.49877042330228366 0.5415203387920673 0.5125410813551683 0.14672018587589264
1 0.5421664663461538 0.21089496319110576 0.55958984375 0.22169508713942307 0.12095705419778824