1 0.6784902719350961 0.34835606501652644 0.6986501840444711 0.36101062481219953 1.0
1 0.32688274676983176 0.4106885704627404 0.34336651141826924 0.42653940054086537 1.0
1 0.5383264629657452 0.4834641676682692 0.5504851355919471 0.5000896747295673 0.9999998807907104
1 0.1451985403207632 0.39979543832632214 0.16157635028545672 0.41392118013822116 0.9999997615814209
1 0.16814861591045674 0.3977953162560096 0.183197514460637 0.41114670973557693 0.9999997615814209
1 0.4378882305438702 0.506419677734375 0.45375690166766824 0.5186310753455529 0.9999995231628418
1 0.2200427715594952 0.7245621431790865 0.2379882342998798 0.7396871243990385 0.9999994039535522
1 0.146415769136869 0.6171290001502404 0.16323074340820312 0.6308788592998799 0.9999904632568359
1 0.41171536959134614 0.9806929837740385 0.4260936091496394 0.9955301607572116 0.9999895095825195
1 0.8094748159555288 0.8290724534254807 0.8247378305288462 0.8450169959435097 0.9999780654907227
1 0.13403348482572117 0.9771921950120193 0.14816720815805287 0.9940299166165866 0.999976634979248
1 0.6716435828575721 0.48179668719951924 0.6862399996243991 0.4986255352313702 0.9999637603759766
1 0.8267514272836538 0.41699984036959137 0.8433328012319712 0.4314959247295673 0.9999632835388184
1 0.9697629957932692 0.2627947528545673 0.9881875375600961 0.2789456646259014 0.9999488592147827
1 0.7075991117037259 0.41432776817908656 0.726699453500601 0.42872788649338944 0.9999034404754639
1 0.6829230675330529 0.5203390737680288 0.7037979830228366 0.5308412992037259 0.9994096755981445
1 0.9505264986478366 0.2595886465219351 0.9621782977764423 0.2803471491887019 0.99747234582901
1 0.7681415733924278 0.9575738994891827 0.7840556922325721 0.9695708759014423 0.9922284483909607
1 0.4820279165414664 0.9785117750901442 0.4992735877403846 0.9922353891225961 0.9870405793190002
1 0.42368084247295673 0.2989743041992188 0.4353306227463942 0.3169891826923077 0.9806599020957947
1 0.16159679706280047 0.2963209181565505 0.179206049992488 0.31276597243088944 0.9541597366333008
1 0.4359791917067308 0.6578581824669472 0.45246844951923076 0.6742496431790865 0.9436292052268982
1 0.6842552771935096 0.41624971829927887 0.7015052208533654 0.42902005709134616 0.9265288710594177
1 0.43489957369290866 0.8282173978365385 0.45364239032451925 0.8422594275841346 0.9220973253250122
1 0.9226171875 0.4968645301231971 0.936470477764423 0.5126906174879807 0.8634660243988037
1 0.6593474402794471 0.9595787635216346 0.6798714505709135 0.9736573204627403 0.8268120288848877
1 0.822060077373798 0.2872633479191707 0.8356980543870193 0.3019437584510216 0.7468373775482178
1 0.3557337130033053 0.6917162146935096 0.3713619995117188 0.7060498985877404 0.7321316599845886
1 0.8476399113581731 0.33920508751502404 0.86301513671875 0.3533496798001803 0.5731214880943298
1 0.23837836632361778 0.7089492563100962 0.2553675020658053 0.7231521371694711 0.5323126316070557
1 0.869463360126202 0.3327891892653245 0.8880557016225962 0.3464732712965745 0.14566075801849365
1 0.5616565410907451 0.6869670691856972 0.5823759108323318 0.6995574012169471 0.1036178395152092
1 0.3997953913762019 0.5102013221153846 0.4110248741736779 0.5235716834435096 0.10068528354167938
1 0.31561488224909856 0.7006114314152644 0.3279722243088942 0.7184170297475961 0.09072260558605194
1 0.343460693359375 0.9859721491887019 0.35746917724609373 0.9986151592548077 0.08776190876960754