1 0.6351085956280048 0.6537364783653846 0.6436724853515625 0.6722707425631009 1.0
1 0.420013427734375 0.8947354830228366 0.4305779090294471 0.9125147423377404 1.0
1 0.1443070279634916 0.24289226825420673 0.1573571307842548 0.26005767822265624 1.0
1 0.8719587590144231 0.32399188701923076 0.8809157151442307 0.3405769700270433 1.0
1 0.5170132211538462 0.6547337458683894 0.5258240685096154 0.6712209848257211 1.0
1 0.30848787747896633 0.6547464693509616 0.31840123103215145 0.6707721886268029 1.0
1 0.796009521484375 0.8279590782752404 0.8150244140625 0.8408387169471154 1.0
1 0.6563289701021635 0.6528955078125 0.6643427452674279 0.6706678654597356 1.0
1 0.10084591205303485 0.6201620718149038 0.11921710674579326 0.6297040733924278 1.0
1 0.27843674879807695 0.1831114783653846 0.29081702599158654 0.20210139347956732 1.0
1 0.820365741436298 0.015964534466083233 0.8306576772836538 0.03339770977313702 1.0
1 0.8299777456430288 0.3170404287484976 0.8407249098557692 0.3361308405949519 1.0
1 0.9693711500901442 0.054507264357346756 0.9818653282752404 0.07212551410381611 1.0
1 0.8318965970552885 0.656407235952524 0.8422312575120192 0.6733463228665866 1.0
1 0.5325208458533653 0.6529302978515625 0.5436152531550481 0.6717530705378606 1.0
1 0.09936497614933894 0.6034135084885818 0.11857484083909255 0.6148437030498798 1.0
1 0.6785810265174279 0.6527567232572116 0.6900948392427885 0.6712833345853365 1.0
1 0.5857683856670673 0.6563212702824519 0.5956773963341346 0.6707382436899039 1.0
1 0.1577722872220553 0.7504306265024039 0.17673416137695314 0.7641778564453126 1.0
1 0.43356637807992787 0.6539979435847356 0.4415931114783654 0.6708537409855769 1.0
1 0.8626467660757211 0.025014173067533053 0.8748285381610577 0.0455214837881235 1.0
1 0.9268937800480769 0.7594351900540866 0.9443679574819711 0.773219228891226 1.0
1 0.4590282264122596 0.6561084923377404 0.46778390737680287 0.6718183312049278 1.0
1 0.10004192645733173 0.5811451134314903 0.11794237576998197 0.592839590219351 1.0
1 0.6966273381159855 0.7516964017427885 0.7151582219050481 0.7661551607572116 1.0
1 0.3318659151517428 0.7210073617788462 0.35067328819861776 0.7323974609375 1.0
1 0.540817636343149 0.20008610652043268 0.5520953369140625 0.21571756216195914 1.0
1 0.611718515249399 0.6529951359675481 0.6195636925330529 0.6704057429387019 1.0
1 0.10691868708683894 0.49698843149038463 0.12284258328951322 0.5082148155799279 0.9999998807907104
1 0.9036360990084135 0.30244044377253604 0.9137657752403846 0.32152195857121396 0.9999998807907104
1 0.10651358971228966 0.49079514723557693 0.12125233576847956 0.500742422250601 0.999998927116394
1 0.3354058133638822 0.6547564697265625 0.34640876183143027 0.6719375375600961 0.9999988079071045
1 0.9407217172475961 0.660373065655048 0.9518342472956731 0.6732138296274038 0.9999988079071045
1 0.44907306377704326 0.6552996826171875 0.4584199876051683 0.6715916560246394 0.9999973773956299
1 0.8090994966947115 0.4902466759314904 0.8212761981670673 0.5051429631159856 0.9999915361404419
1 0.09896297748272236 0.5932938795823317 0.11876657339242788 0.6009778771033654 0.9999897480010986
1 0.8300323016826923 0.5249184945913462 0.848917236328125 0.5366452261117789 0.9999847412109375
1 0.8418911508413461 0.6561191030649038 0.8497018667367788 0.6735688664362981 0.9999830722808838
1 0.5567889873798076 0.20686636117788462 0.5655441049429086 0.22180617112379808 0.9999712705612183
1 0.9254056490384616 0.6582331261268028 0.9340323580228366 0.6735604154146635 0.9999560117721558
1 0.6642204402043269 0.6534880652794471 0.6731822321965144 0.6697527137169471 0.9999432563781738
1 0.6662636624849759 0.8362405160757211 0.6779671536959134 0.8556425593449519 0.999728262424469
1 0.13296579214242787 0.2426776592548077 0.1483282470703125 0.2630602792593149 0.9996211528778076
1 0.7653315617487981 0.2939608999399038 0.7762591552734375 0.3104179499699519 0.9991814494132996
1 0.686525409405048 0.23984612098106972 0.6956997445913462 0.25727503849909855 0.9973652958869934
1 0.7769122314453125 0.2953303410456731 0.7866323617788461 0.3109570782001202 0.9963955283164978
1 0.9869113393930289 0.06170472365159255 0.995827167217548 0.07807350745567909 0.9961537718772888
1 0.9564805250901443 0.6599638484074519 0.9811354417067307 0.6734715388371394 0.9938945174217224
1 0.20815054086538462 0.0 0.22479093111478365 0.011327724456787109 0.8713706731796265
1 0.6531793212890625 0.2611034217247596 0.6658932729867788 0.27818941556490384 0.8015941381454468
1 0.47684354341947116 0.46280517578125 0.4938461538461538 0.47685316819411055 0.6659444570541382
1 0.8097445913461538 0.0036095655881441557 0.8234452937199519 0.016023822197547326 0.5890310406684875
1 0.7888505671574519 0.7777330603966346 0.8039761117788462 0.7934537447415866 0.4766569137573242
1 0.25372516338641826 0.6262716909555288 0.26151954064002403 0.6405036808894231 0.26887330412864685
1 0.4621131310096154 0.6227250319260818 0.4757841139573317 0.6441884671724759 0.20237644016742706
1 0.9844713416466346 0.023908553490271937 1.0 0.03767588982215295 0.15364331007003784