person 0.6943 0.4863 0.7046 0.5232 0.9
person 0.8596 0.4798 0.8871 0.5519 0.817
person 0.6147 0.4885 0.6266 0.5311 0.643
person 0.8145 0.4925 0.8357 0.5793 0.956
person 0.6094 0.4887 0.6209 0.5279 0.867
person 0.9773 0.4835 0.9997 0.5942 0.654
person 0.7733 0.5006 0.7877 0.542 0.887
horse 0.0306 0.3983 0.6067 0.9917 0.998
person 0.6321 0.4889 0.6439 0.529 0.905
person 0.69 0.4849 0.6997 0.523 0.769
person 0.6875 0.4852 0.6981 0.5233 0.899
person 0.6578 0.4971 0.6688 0.5292 0.615
person 0.725 0.4862 0.7343 0.523 0.531
horse 0.2533 0.3964 0.6035 0.6642 0.597
person 0.6235 0.4887 0.6364 0.5305 0.878
person 0.7671 0.4973 0.7781 0.5296 0.922
person 0.8545 0.4769 0.8904 0.6177 0.985
person 0.6672 0.4858 0.6787 0.5259 0.773
person 0.7955 0.4909 0.8086 0.5275 0.813
person 0.6092 0.4885 0.62 0.5279 0.694
horse 0.0003 0.4442 0.1322 0.8781 0.664
person 0.9573 0.4852 0.9815 0.5744 0.89
person 0.6229 0.4873 0.6343 0.5276 0.798
person 0.9685 0.4827 0.9995 0.5953 0.986
person 0.7124 0.4886 0.7226 0.5224 0.885
person 0.7359 0.4965 0.7453 0.5267 0.659
person 0.761 0.4796 0.7732 0.5311 0.763
person 0.782 0.5006 0.794 0.5347 0.525
person 0.762 0.4974 0.7729 0.5302 0.854
dog 0.8295 0.579 0.8915 0.6556 0.964
person 0.6788 0.4851 0.6883 0.523 0.515
person 0.8185 0.4708 0.8663 0.6036 0.998
person 0.8058 0.4928 0.8184 0.5286 0.857
person 0.6969 0.4831 0.7086 0.5243 0.828
person 0.7129 0.4772 0.7269 0.5227 0.947
person 0.7227 0.493 0.732 0.522 0.911
person 0.7526 0.4975 0.7642 0.5298 0.965
person 0.6823 0.4845 0.6933 0.5239 0.875
person 0.6616 0.4924 0.6744 0.5283 0.846
person 0.6632 0.4948 0.6739 0.528 0.715
person 0.7061 0.4887 0.716 0.5223 0.856
