person 0.8055 0.2709 0.886 0.4366 0.939
person 0.394 0.3106 0.449 0.4044 0.927
person 0.0001 0.1873 0.0345 0.3816 0.685
person 0.1152 0.2366 0.1601 0.3548 0.845
person 0.6798 0.3737 0.7471 0.6083 0.839
person 0.0 0.1826 0.0326 0.3418 0.847
dog 0.4527 0.6562 0.5318 0.7949 0.993
person 0.035 0.2448 0.1308 0.4055 0.501
person 0.4821 0.3055 0.5709 0.4108 0.933
person 0.4177 0.3545 0.51 0.6296 0.689
person 0.3471 0.2695 0.4093 0.4007 0.971
person 0.4208 0.3553 0.4958 0.5735 0.515
person 0.2985 0.3157 0.3701 0.4101 0.708
sheep 0.0662 0.541 0.2478 0.8371 0.997
person 0.2647 0.2152 0.3336 0.3943 0.97
person 0.1256 0.1818 0.2712 0.5657 0.999
person 0.298 0.318 0.3687 0.4109 0.874
sheep 0.243 0.5373 0.5101 0.8471 0.997
person 0.0368 0.1978 0.108 0.3424 0.903
sheep 0.1639 0.5128 0.3117 0.8423 0.975
person 0.2177 0.2012 0.273 0.3265 0.901
person 0.598 0.2229 0.6778 0.3869 0.978
person 0.0016 0.3368 0.0537 0.4053 0.93
person 0.6883 0.3469 0.7418 0.4376 0.709
person 0.6753 0.229 0.7754 0.4378 0.986
person 0.3748 0.2246 0.4267 0.3375 0.847
person 0.4376 0.2398 0.5117 0.4024 0.983
person 0.5917 0.3029 0.6793 0.6229 0.784
person 0.5034 0.2014 0.5912 0.4002 0.993
person 0.7516 0.3356 0.8296 0.4459 0.955
person 0.6019 0.3034 0.6792 0.4421 0.915
person 0.018 0.2433 0.115 0.405 0.899
person 0.3899 0.3174 0.4621 0.5792 0.629
person 0.4783 0.305 0.575 0.6276 0.867
person 0.5568 0.3591 0.6332 0.6015 0.632
