person 0.8042 0.6071 0.8158 0.6356 0.521
person 0.7905 0.6161 0.8035 0.6654 0.927
person 0.7214 0.6105 0.7503 0.7358 0.814
person 0.3485 0.6169 0.3784 0.7 0.999
person 0.4001 0.6668 0.482 0.978 1.0
person 0.5935 0.5942 0.6088 0.6269 0.686
handbag 0.7023 0.6832 0.7168 0.7234 0.883
handbag 0.6267 0.904 0.6685 0.9977 0.678
car 0.6796 0.6206 0.7141 0.6738 0.999
car 0.7133 0.5751 0.7487 0.6061 0.664
dog 0.3816 0.9598 0.4807 1.0001 0.992
person 0.7516 0.6193 0.7797 0.7215 0.639
person 0.6359 0.5894 0.6455 0.6135 0.624
car 0.7621 0.5802 0.7875 0.6027 0.893
person 0.3288 0.6377 0.3547 0.6993 0.503
car 0.7848 0.5913 0.8059 0.614 0.783
person 0.7971 0.6132 0.8118 0.6685 0.974
person 0.3231 0.637 0.3481 0.6977 0.794
person 0.3238 0.6354 0.363 0.7007 0.635
person 0.6356 0.749 0.81 0.9985 0.999
handbag 0.7027 0.6417 0.7273 0.6952 0.563
car 0.7269 0.5992 0.7455 0.618 0.917
person 0.7252 0.61 0.7488 0.7194 0.964
backpack 0.4108 0.7092 0.4733 0.7803 0.934
clock 0.7138 0.2161 0.7975 0.3215 0.912
handbag 0.7306 0.667 0.7473 0.7149 0.574
person 0.7429 0.6145 0.7594 0.6442 0.851
person 0.7515 0.6118 0.7672 0.6379 0.626
car 0.7826 0.5946 0.8013 0.6156 0.671
person 0.739 0.6167 0.7775 0.7503 0.999
person 0.7008 0.6228 0.7376 0.7519 0.998
traffic light 0.7909 0.4861 0.8168 0.5241 0.645
car 0.7706 0.5973 0.7955 0.62 0.912
person 0.7676 0.621 0.7918 0.7124 0.944
car 0.7143 0.5929 0.7328 0.6128 0.825
car 0.7227 0.5978 0.7402 0.6172 0.695
person 0.6401 0.59 0.6504 0.6148 0.783
person 0.7907 0.6143 0.8034 0.6608 0.835
