orange 0.554 0.1747 0.5802 0.2037 0.841
cell phone 0.971 0.2617 1.0001 0.3362 0.788
apple 0.8978 0.1938 0.991 0.3216 0.809
person 0.2783 -0.0001 0.3796 0.1589 0.974
apple 0.4711 0.3549 0.5148 0.4036 0.591
person 0.6485 0.0042 0.9065 0.9947 0.71
handbag 0.3031 0.0612 0.3378 0.1855 0.72
person 0.3727 0.2683 0.4636 0.4662 0.993
dog 0.128 0.6426 0.5307 1.0001 0.999
person 0.0002 0.0006 0.1761 0.9977 0.997
apple 0.5011 0.3608 0.5357 0.3944 0.568
orange 0.5539 0.1116 0.5967 0.1595 0.856
apple 0.3373 0.1874 0.4293 0.2948 0.543
handbag 0.6272 0.5132 0.7407 0.7822 0.953
apple 0.3016 0.3309 0.3921 0.4473 0.805
orange 0.6519 0.1562 0.6815 0.193 0.772
orange 0.4934 0.2534 0.5267 0.2919 0.593
apple 0.316 0.1757 0.4314 0.2788 0.794
orange 0.4345 0.1839 0.4789 0.2279 0.687
person 0.0772 0.0004 0.3613 1.0004 0.596
person 0.9624 0.0026 0.9999 0.5032 0.812
dog 0.1227 0.6454 0.5322 1.0003 0.637
person 0.1274 0.0021 0.3142 0.7031 0.993
orange 0.6161 0.1573 0.6446 0.1941 0.666
person 0.6422 0.0013 0.9584 1.0011 0.643
orange 0.4949 0.1491 0.5243 0.1805 0.787
person 0.5276 0.0451 0.8082 0.9971 0.522
apple 0.5492 0.2979 0.6444 0.3801 0.7
orange 0.6032 0.1562 0.6309 0.1916 0.823
orange 0.5364 0.1132 0.6565 0.2319 0.96
person 0.6902 -0.0015 0.948 0.997 0.552
orange 0.6704 0.241 0.6886 0.2903 0.87
orange 0.5097 0.1306 0.5504 0.1643 0.618
person 0.9658 -0.001 1.0 0.9981 0.656
orange 0.6394 0.2478 0.6733 0.2925 0.889
orange 0.6132 0.1786 0.6707 0.2353 0.848
orange 0.4456 0.1398 0.5107 0.195 0.545
person 0.5034 0.3861 0.6408 0.9972 0.999
person 0.6678 0.0031 0.8862 0.9858 0.633
orange 0.5421 0.1307 0.6131 0.1911 0.672
orange 0.5859 0.1452 0.6108 0.1813 0.841
person 0.676 0.089 0.9099 0.9885 0.54
orange 0.5819 0.1993 0.6086 0.2321 0.85
orange 0.6072 0.1991 0.6481 0.2379 0.863
orange 0.5252 0.1457 0.5505 0.1723 0.855
apple 0.4542 0.2958 0.5109 0.3692 0.597
apple 0.4549 0.2744 0.5976 0.4181 0.843
orange 0.4659 0.209 0.5088 0.2487 0.708
