cow 0.9694 0.4825 1.0 0.6052 0.763
cow 0.4299 0.5149 0.493 0.6152 0.936
cow 0.6692 0.4565 0.7566 0.6137 0.997
cow 0.9777 0.4857 1.0 0.5474 0.504
cow 0.2486 0.4608 0.359 0.593 0.991
cow 0.4539 0.4562 0.5717 0.6207 0.999
cow 0.6516 0.5124 0.7098 0.6029 0.769
cow 0.0901 0.4512 0.1832 0.5851 0.875
cow 0.5596 0.4588 0.622 0.6154 0.965
cow 0.3181 0.4647 0.4387 0.6148 0.999
dog 0.9784 0.7481 1.0001 0.9779 0.856
person 0.8892 0.4192 0.956 0.6573 1.0
cow 0.5416 0.4624 0.5909 0.5347 0.718
cow 0.42 0.4645 0.4568 0.5155 0.757
cow 0.159 0.4535 0.2574 0.6018 0.996
cow 0.0111 0.447 0.098 0.5869 0.993
cow 0.236 0.5049 0.2879 0.5942 0.974
cow 0.6589 0.4532 0.6926 0.5029 0.757
cow 0.0982 0.4511 0.1806 0.5221 0.887
cow 0.7396 0.4682 0.8963 0.6138 0.982
dog 0.9773 0.7467 1.0001 0.98 0.686
cow 0.9455 0.4758 0.9841 0.6172 0.932
cow 0.0961 0.5075 0.1692 0.5963 0.98
cow 0.8204 0.4693 0.986 0.6205 0.823
cow 0.8262 0.4832 0.9161 0.619 0.552
person 0.599 0.4265 0.6688 0.6197 0.999
cow 0.6515 0.5133 0.6858 0.581 0.501
