person 0.5535 0.5109 0.5714 0.5432 0.565
person 0.8342 0.4863 0.8881 0.5389 0.553
person 0.7624 0.5459 0.7921 0.6754 0.96
boat 0.0785 0.4881 0.1823 0.5151 0.838
person 0.7337 0.5756 0.7696 0.692 0.999
boat 0.9249 0.4617 0.9555 0.473 0.868
boat 0.2956 0.3844 0.4054 0.5324 0.861
dog 0.3137 0.6185 0.369 0.6603 0.999
person 0.5229 0.4958 0.5398 0.5559 0.853
boat 0.0809 0.4003 0.1794 0.5155 0.991
person 0.5449 0.5023 0.5661 0.5642 0.978
boat 0.3974 0.3508 0.5602 0.5588 0.98
person 0.5038 0.5088 0.5295 0.5649 0.721
person 0.3423 0.505 0.3882 0.5302 0.656
person 0.7488 0.4992 0.7979 0.5296 0.89
person 0.7803 0.5305 0.808 0.6784 0.997
person 0.5307 0.5035 0.5473 0.559 0.604
person 0.785 0.4805 0.8026 0.516 0.754
person 0.3712 0.4914 0.3842 0.5269 0.761
person 0.8926 0.4869 0.9096 0.5342 0.981
boat 0.291 0.3905 0.4044 0.5329 0.763
boat 0.7234 0.4238 0.7511 0.4792 0.689
person 0.3783 0.4913 0.3922 0.526 0.929
bird 0.9428 0.6185 0.9537 0.6472 0.902
boat 0.6996 0.4254 0.7415 0.4602 0.636
boat 0.2859 0.4167 0.3337 0.4806 0.84
boat 0.7311 0.3787 0.8081 0.5306 0.988
boat 0.7483 0.3788 0.8839 0.5403 0.762
boat 0.5585 0.4555 0.5867 0.4686 0.902
boat 0.7388 0.3799 0.8125 0.5315 0.507
boat 0.3135 0.3654 0.5261 0.5684 0.733
boat 0.3761 0.3528 0.5808 0.5636 0.747
person 0.4577 0.5042 0.473 0.5757 0.947
person 0.6489 0.5342 0.6822 0.6896 0.999
boat 0.8025 0.386 0.8826 0.5387 0.973
person 0.7519 0.4973 0.797 0.5303 0.643
boat 0.4897 0.4257 0.607 0.5586 0.532
person 0.5384 0.5003 0.5598 0.563 0.972
person 0.4952 0.5048 0.5152 0.566 0.98
