dog 0.31528100000000003 0.6141885 0.364047 0.6476955
boat 0.315109 0.3873145 0.38904700000000003 0.5300595
boat 0.0806095 0.4017635 0.1804845 0.5140885
person 0.6438904999999999 0.5325854999999999 0.6816095 0.6922845
person 0.732969 0.5738475 0.766297 0.6884965
person 0.4589525 0.5047495000000001 0.4705935 0.5794585
person 0.7762345 0.5263325 0.8064215 0.6766735
person 0.893265 0.489759 0.907953 0.536533
person 0.5480625 0.50028 0.5688755 0.569098
person 0.519578 0.49597149999999995 0.5351720000000001 0.5613824999999999
person 0.372125 0.492826 0.38654700000000003 0.53
person 0.7626409999999999 0.5536675 0.788203 0.6852905
person 0.8441875000000001 0.4867335 0.8874685 0.5403005
person 0.7471725 0.49990000000000007 0.7615315 0.5289980000000001
person 0.492125 0.503206 0.508953 0.566292
boat 0.2866565 0.4192785 0.3335315 0.4815435
boat 0.8275155 0.520481 0.8719065 0.5392790000000001
boat 0.725625 0.3786175 0.794203 0.5270545
boat 0.801812 0.3758915 0.863734 0.5113225
person 0.538765 0.506112 0.548703 0.553948
boat 0.558094 0.457274 0.588766 0.4702
boat 0.399656 0.349659 0.530578 0.567655
boat 0.9173285 0.46507 0.9588755 0.47282599999999997
boat 0.6922965000000001 0.462625 0.7176715 0.468377
person 0.14999999999999997 0.44488949999999994 0.9703120000000001 0.5731465
