clock 0.7064995000000001 0.22239599999999998 0.7837965 0.324354
car 0.6725775 0.6242495 0.7020465 0.6764165000000001
car 0.7197965000000001 0.595062 0.7372655 0.611208
handbag 0.6473275000000001 0.917083 0.7178905 0.9900410000000001
handbag 0.6990000000000001 0.6538335000000001 0.714234 0.6803125
person 0.623594 0.755063 0.797188 0.986521
person 0.396703 0.6668125 0.477531 0.9748755
person 0.6977815 0.6264160000000001 0.7251405 0.749854
person 0.732734 0.6173960000000001 0.7695620000000001 0.74925
person 0.34806250000000005 0.6158125 0.3745155 0.7021455
person 0.7606715 0.6216455000000001 0.7852025 0.7094585
car 0.7616719999999999 0.5857915 0.77586 0.6004585
bench 0.741641 0.9231455000000001 0.782297 0.9960625
dog 0.38059350000000003 0.958375 0.4687025 0.998375
person 0.7241405 0.6055835 0.7456714999999999 0.7065625
person 0.7877190000000001 0.614541 0.804953 0.671583
person 0.7819065000000001 0.6150835 0.7908435 0.6444584999999999
person 0.6983900000000001 0.6201255 0.712828 0.6704585
person 0.7667815 0.607333 0.7771725 0.630729
person 0.7102815 0.6169375 0.7188285000000001 0.6322085000000001
car 0.7747655 0.5830004999999999 0.7875464999999999 0.5976255
car 0.789156 0.5683545 0.799094 0.5811875000000001
car 0.7852345 0.5933545 0.8003755 0.6088754999999999
person 0.6388275 0.590792 0.6456405 0.617292
car 0.7663599999999999 0.6019375 0.780594 0.6193744999999999
