dog 0.45542150000000003 0.6555045 0.5333905 0.7903215
sheep 0.252828 0.5395185 0.50225 0.8567895000000001
sheep 0.0738595 0.5402524999999999 0.2382965 0.8405275
sheep 0.11564050000000001 0.513555 0.31010950000000004 0.8418350000000001
sheep 0.40151600000000004 0.5845645 0.506766 0.8498855
person 0.1267505 0.1793575 0.2734535 0.5652065
person 0.3507815 0.264243 0.4085945 0.412339
person 0.670531 0.22022950000000002 0.7685150000000001 0.3977525
person 0.7974995 0.26951800000000004 0.8721405 0.440504
person 0.266 0.2171325 0.329844 0.37332550000000003
person 0.425125 0.23554999999999998 0.507391 0.377844
person 0.500344 0.2047475 0.5898599999999999 0.4225685
person 0.5959375 0.2222705 0.6729685000000001 0.3740595
handbag 0.273312 0.2670185 0.311562 0.3876835
person 0.7461095 0.33791249999999995 0.8236565 0.6336695
person 0.213 0.20607799999999998 0.268406 0.326766
person 5.000000000005e-07 0.241537 0.1052815 0.405023
person 0.002984500000000001 0.34527500000000005 0.0842815 0.6628210000000001
bench 0.5060779999999999 0.5628445 0.833422 0.6667434999999999
person 0.036687500000000005 0.20298149999999998 0.1079685 0.3449085
bench 0.8064685 0.5141285 0.8540775 0.5399775
sheep 0.3962965 0.5482115 0.43832750000000004 0.5996104999999999
person 0.0015625000000000222 0.16284350000000003 0.9984375 0.7247705
