dog 0.38818749999999996 0.33131150000000004 0.6267505 0.5555505000000001
frisbee 0.6846559999999999 0.37236549999999996 0.73289 0.4159485
bench 0.45693700000000004 0.716441 0.535875 0.7245670000000001
bench 0.0783125 0.6957380000000001 0.14120349999999998 0.704848
bench 0.7022499999999999 0.701194 0.782984 0.7166739999999999
bench 0.728734 0.6492975 0.80389 0.6624125
bench 0.741859 0.6276349999999999 0.813515 0.637799
bench 0.560828 0.672974 0.6520940000000001 0.6857139999999999
bench 0.372969 0.6485485 0.441469 0.6578455000000001
bench 0.18151599999999998 0.6589225 0.25175 0.6671895
bench 0.3290155 0.7402110000000001 0.3864685 0.775761
bench 0.3815 0.7219675 0.45825 0.7307265
bench 0.392375 0.7078695 0.466297 0.7151525
bench 0.466453 0.703723 0.543687 0.7110770000000001
bench 0.476094 0.6885715 0.553172 0.7014524999999999
bench 0.05312500000000003 0.2599525 0.998437 0.8290394999999999
