dog 0.8161565000000001 0.5799795 0.8867655 0.6550005
horse 0.046812500000000035 0.40029200000000004 0.6019375 1.0
person 0.818141 0.47714550000000006 0.855485 0.5956665000000001
person 0.811125 0.511729 0.824969 0.5826250000000001
person 0.9627035 0.48341649999999997 0.9894845 0.5930415
person 0.8539375 0.47349949999999996 0.8881405 0.6077705
backpack 0.8097504999999999 0.509938 0.8196255 0.5356879999999999
backpack 0.8535 0.49856199999999995 0.898734 0.5701039999999999
person 0.9804060000000001 0.4872505 1.0 0.5862295
person 0.7428905 0.4983745 0.7536094999999999 0.5311455
person 0.7548279999999999 0.4991255 0.766844 0.5314585
person 0.7705935 0.4978955 0.7815625 0.5341245
person 0.79211 0.49983350000000004 0.798266 0.5273965
person 0.8006565 0.5006455000000001 0.8123595 0.5624585
person 0.9466565 0.4915835 0.9636875 0.5277505
horse -5.000000000143778e-07 0.43629150000000005 0.3655625 0.8885205
person 0.684203 0.49395849999999997 0.690047 0.5189794999999999
person 0.632266 0.49072899999999997 0.6399999999999999 0.520187
bicycle 0.620297 0.5150629999999999 0.644891 0.537125
bicycle 0.658359 0.5080415 0.6763750000000001 0.5327284999999999
bicycle 0.769203 0.5281245 0.779187 0.5553955
person 0.585938 0.4270835 0.7374999999999999 0.5479165
