dog 0.13334 0.67494 0.52662 0.9893379999999999
person 0.6609999999999999 0.0033735000000000293 0.90328 0.7691565
person 0.9699 0.12945850000000003 0.99962 0.5028015
person 0.51066 0.3912655 0.63586 0.9955725
person 0.37248000000000003 0.2662945 0.46636 0.47144549999999996
person 0.0007800000000000029 0.0 0.17046 1.0
person 0.27892 0.0005124999999999991 0.37045999999999996 0.1662655
person 0.12566 0.0030420000000000447 0.30732 0.704548
apple 0.31988 0.40114500000000003 0.34793999999999997 0.442169
apple 0.30306 0.3945185 0.3236 0.4313555
apple 0.30262 0.289729 0.39117999999999997 0.43018100000000004
apple 0.44914 0.26909700000000003 0.60638 0.422169
orange 0.6228400000000001 0.2354515 0.68848 0.3256325
handbag 0.0 0.3707525 0.12482 0.7414755
handbag 0.3413 0.495693 0.4826 0.707259
apple 0.52774 0.264759 0.6846599999999999 0.402229
person 0.8348 0.0010240000000000006 0.8735999999999999 0.061114
person 0.87712 0.0 0.9395600000000001 0.036054
apple 0.34426 0.4003315 0.37066 0.4391565
