dog 0.96912 0.7413335 0.9998199999999999 0.9768804999999999
cow 0.01464 0.44821300000000003 0.0987 0.584453
cow 0.09680000000000001 0.451493 0.18586000000000003 0.5193329999999999
cow 0.23858000000000001 0.459733 0.36988 0.579333
cow 0.31784 0.46248050000000007 0.43411999999999995 0.6158135
cow 0.40102 0.4611735 0.45266 0.5198405
cow 0.46497999999999995 0.46568049999999994 0.57046 0.6224535
cow 0.66826 0.4587465 0.83486 0.6100535
cow 0.54054 0.46378699999999995 0.5923799999999999 0.594347
cow 0.09258 0.516027 0.16118 0.5907469999999999
cow 0.15906 0.45474650000000005 0.24858 0.6063195
cow 0.4278 0.5159195 0.48691999999999996 0.6002664999999999
cow 0.81914 0.474507 0.96166 0.6186670000000001
person 0.5868800000000001 0.42376050000000004 0.66256 0.6367735000000001
cow 0.64586 0.5184795 0.71544 0.6030665
person 0.87842 0.41754650000000004 0.94858 0.6482135
cow 0.09000000000000002 0.4506665 0.998 0.6373335
