1 0.15785638662484977 0.7510273155799279 0.17661626962515023 0.7645032677283654 1.0
1 0.5856189903846154 0.6567169189453125 0.5957839261568509 0.6708554311899039 1.0
1 0.828631591796875 0.31653879018930287 0.8415346116286058 0.33436415452223556 1.0
1 0.2782812030498798 0.18229071983924278 0.29161609356219953 0.20177180363581732 1.0
1 0.5323639855018029 0.6532192758413462 0.5440150334284856 0.6715325927734375 1.0
1 0.09972982553335337 0.5805809607872596 0.1173761690579928 0.5925916466346154 1.0
1 0.4197435114933894 0.8944679612379808 0.43047457181490384 0.9124198091947116 1.0
1 0.6783790471003606 0.6535904634915866 0.690100848858173 0.6713280310997596 1.0
1 0.10097680898813101 0.6198254864032452 0.11996450570913461 0.6295504995492789 1.0
1 0.5402252197265625 0.20029210017277643 0.5523576472355769 0.2171600107046274 1.0
1 0.7962706580528847 0.8284055739182692 0.8149891075721154 0.8408022836538461 1.0
1 0.9282744891826923 0.7597231351412259 0.9444533128004807 0.7736314978966347 1.0
1 0.3346074969951923 0.6558250544621395 0.34633075420673076 0.6724774169921875 1.0
1 0.10013678917518029 0.604392559344952 0.11914008507361779 0.6148757699819711 1.0
1 0.4330707726111779 0.6545850548377404 0.44268338716947114 0.6706858004056491 1.0
1 0.6968280968299279 0.751900165264423 0.7146677339993991 0.76570068359375 1.0
1 0.8710178786057692 0.3249391526442308 0.8824883563701923 0.34106480525090144 0.9999998807907104
1 0.9691061636117788 0.05457314711350661 0.9821340707632211 0.07284425001878005 0.9999998807907104
1 0.3303889817457933 0.7213066687950721 0.35032306377704325 0.7328218900240384 0.9999998807907104
1 0.5166109055739183 0.6553382286658653 0.5265388840895433 0.6709856238731972 0.9999996423721313
1 0.30867335392878603 0.654873046875 0.31818258432241586 0.6708205942007212 0.9999995231628418
1 0.8319821401742789 0.6567108154296875 0.8425587815504808 0.6734438852163461 0.9999995231628418
1 0.6560467529296875 0.6524815486027644 0.664995868389423 0.6708879206730769 0.9999990463256836
1 0.6341216571514423 0.6547152005709135 0.6444075833834134 0.6716509070763221 0.9999988079071045
1 0.959140625 0.6584375 0.9782127028245192 0.6737856820913461 0.9999980926513672
1 0.8610645470252404 0.025196835444523738 0.8758404071514423 0.045127516526442306 0.9999963045120239
1 0.8196292818509615 0.015956869858961838 0.8311244553786058 0.033612823486328124 0.9999946355819702
1 0.8315253155048077 0.5245269775390625 0.8493260779747596 0.5362763390174279 0.9999854564666748
1 0.10765649648813101 0.49556499774639423 0.1227380605844351 0.5070894211989183 0.9999781847000122
1 0.45811312161959133 0.6565019812950721 0.4682427039513221 0.6713631497896635 0.9999760389328003
1 0.924677734375 0.660506357046274 0.9345751953125 0.6737561974158653 0.9999631643295288
1 0.9036147836538462 0.30122286283052885 0.9151812274639423 0.3198054621769832 0.9999514818191528
1 0.667447744516226 0.8375150240384616 0.6782314359224759 0.8555440579927884 0.9998865127563477
1 0.13177035991962138 0.24278954139122597 0.14949384249173678 0.26435511662409855 0.9997962117195129
1 0.4608668870192308 0.7817034912109375 0.47261920635516824 0.7970527531550481 0.9997561573982239
1 0.8413347919170673 0.6559087195763221 0.8497352952223558 0.6739932955228365 0.9996602535247803
1 0.6115697303185096 0.6542894099308895 0.6206735933743991 0.6713282658503605 0.9995418787002563
1 0.29119607778695916 0.21264383169320913 0.30356980543870193 0.22972020075871394 0.998896598815918
1 0.7635782564603365 0.29490307147686295 0.7775403771033654 0.3106888991135817 0.9965158700942993
1 0.6964857365534856 0.7833495154747596 0.7097767521784856 0.7978575721153847 0.9944359064102173
1 0.6642442908653846 0.653826904296875 0.6719756141075721 0.6692964054987981 0.9907119870185852
1 0.5557702167217549 0.9788381723257211 0.5697033221905048 0.9950051645132212 0.9893733859062195
1 0.9857249098557692 0.061953858595628006 0.9973454402043269 0.07817726135253907 0.9891371130943298
1 0.8099322040264423 0.4889671912560096 0.8208946814903846 0.5027789306640625 0.9779972434043884
1 0.15041771521935096 0.28536322960486776 0.16840362548828125 0.2987364548903245 0.9752857089042664
1 0.9725897686298077 0.8463689716045673 0.9867942457932692 0.8644935021033654 0.9415619373321533
1 0.4505103478064904 0.6552543757512019 0.45774259127103367 0.6713711313100962 0.9333518743515015
1 0.9409874549278846 0.6607730806790866 0.9496043982872596 0.6735604154146635 0.9238201975822449
1 0.10743599524864783 0.49155545748197116 0.12155251136192909 0.5026268122746395 0.9112825989723206
1 0.9617135854867789 0.35195265549879806 0.9784248234675481 0.3690900362454928 0.8704312443733215
1 0.14000609177809495 0.24291104830228366 0.1571469937838041 0.26142629770132214 0.7345496416091919
1 0.25280104417067306 0.6280281888521635 0.25960104135366585 0.6400672795222355 0.5060193538665771
1 0.10431566678560697 0.5045132681039664 0.12216057410606972 0.5137920673076923 0.32844454050064087
1 0.2823719670222356 0.7843572998046875 0.300074462890625 0.7964997746394231 0.1389940232038498
1 0.7884100811298077 0.7779600642277644 0.8027105243389423 0.7941996882512019 0.08590207993984222