1 0.2832169987605168 0.08255226135253907 0.3063630089393029 0.09573764507587139 1.0
1 0.3750262920673077 0.5238338059645433 0.39590655987079326 0.5352847524789663 1.0
1 0.36170184795673077 0.9608168381911057 0.375623286320613 0.9793452336237981 1.0
1 0.8764745154747596 0.5038676100510817 0.8893749060997597 0.5216590294471154 1.0
1 0.21572134164663462 0.7273253455528846 0.22766554612379808 0.7457359900841346 1.0
1 0.19986285869891826 0.48746999887319714 0.21783606896033653 0.5005924635667067 1.0
1 0.38211451603816105 0.9828351299579327 0.40479708158052885 0.9963511305588942 1.0
1 0.6394150015024038 0.7865377103365384 0.6526093937800481 0.8025157752403846 0.9999994039535522
1 0.0679906991811899 0.9287827711838942 0.08630511944110576 0.9493198805588943 0.9999945163726807
1 0.22275977501502403 0.4178174767127404 0.23587517371544472 0.4364545616736779 0.9999922513961792
1 0.9083889535757211 0.5081660813551683 0.9207449106069712 0.5256927959735577 0.9999921321868896
1 0.16299329317533054 0.7515435791015626 0.17525678194486177 0.7696879695012019 0.9999885559082031
1 0.9076299579326923 0.5885391000600961 0.9209347768930288 0.6057158954326923 0.9999792575836182
1 0.4397798978365385 0.24990403395432692 0.45246732271634615 0.2666186288686899 0.9999548196792603
1 0.8433139272836538 0.8020072115384616 0.8615163949819712 0.8142318021334135 0.9999008178710938
1 0.6882848182091346 0.9776472355769231 0.7061634239783654 0.9939053109975962 0.9998739957809448
1 0.6592691744290865 0.4395747258112981 0.671958993765024 0.46063208946814904 0.9998713731765747
1 0.37027026836688703 0.3938000018780048 0.38803379939152643 0.4075861065204327 0.9996846914291382
1 0.7165121694711538 0.2613092745267428 0.7298469426081731 0.2766804856520433 0.9995877146720886
1 0.8777972881610577 0.18770159207857573 0.8965301983173077 0.20030320387620193 0.9993728995323181
1 0.6305034930889423 0.6180152775691106 0.645741952749399 0.6334687218299279 0.9991825222969055
1 0.19842841515174278 0.9605687537560096 0.2103643798828125 0.9762049278846154 0.9987126588821411
1 0.16368396465594953 0.9010581618088942 0.17433712299053486 0.9182984337439903 0.9978840947151184
1 0.3876226337139423 0.33643031193659856 0.4019477257361779 0.3508844463641827 0.9977617263793945
1 0.689079120342548 0.9247875037560096 0.7071420522836539 0.9383834134615384 0.9955675005912781
1 0.5295705472506009 0.4925128643329327 0.5466470102163462 0.5141374793419471 0.9954800605773926
1 0.5949815955528847 0.031043701171875 0.6102940955528846 0.04519090212308444 0.9929021000862122
1 0.9241939603365384 0.9834029447115384 0.9434014423076923 0.9985129957932692 0.9882375597953796
1 0.6586001352163462 0.36782463660606973 0.6731715275691106 0.3854998779296875 0.9869571924209595
1 0.5584443077674279 0.03188479496882512 0.5733037391075722 0.046374048086313104 0.977461040019989
1 0.8845533165564904 0.8242273888221154 0.9076694899338942 0.8359961876502404 0.967157781124115
1 0.9175469501201923 0.7860299917367789 0.9351532451923077 0.8025815054086538 0.9573977589607239
1 0.5579542424128606 0.5746808330829327 0.5715461144080529 0.5880921349158654 0.8712377548217773
1 0.6477702448918269 0.7870292780949519 0.6637814565805289 0.8014407113882211 0.8164279460906982
1 0.36233558067908656 0.9142919921875 0.37731858473557695 0.9279643366887019 0.7573830485343933
1 0.9262013596754808 0.5195945387620192 0.9373434682992788 0.5395647723858173 0.6927858591079712
1 0.5157532677283654 0.4955022254356971 0.5350279822716346 0.5155380483774038 0.5720850825309753
1 0.37300983135516824 0.5117936823918269 0.3932271869365986 0.521241689828726 0.4539514482021332
1 0.7896583909254807 0.8028436748798077 0.8119834547776442 0.814642333984375 0.33811625838279724
1 0.7528337214543269 0.20662287785456732 0.7689729191706731 0.22103536752554087 0.3181629776954651
1 0.19294192974384014 0.3018690373347356 0.2111884014423077 0.31300875150240387 0.25230923295021057
1 0.595 0.643613046499399 0.6137914100060096 0.6559409273587741 0.2316836267709732
1 0.1705361586350661 0.5429730224609375 0.18508907611553485 0.5592804894080529 0.1872314065694809
1 0.04135962853064904 0.33837317833533653 0.05335511427659255 0.35556166428786057 0.157663956284523
1 0.0 0.6223895263671875 0.010456210649930514 0.6373170353816106 0.1079011932015419
1 0.877031719501202 0.3839650315504808 0.8956426532451923 0.3991576209435096 0.06525757163763046
1 0.08871189997746394 0.7483121431790866 0.10297520564152644 0.7624999060997596 0.052757877856492996