1 0.41983889577549444 0.8956633035793073 0.4302131702270682 0.9124202011562271
1 0.6978817103911455 0.7532296741754895 0.7142499304731214 0.765475099327854
1 0.7965724491207062 0.8279912172109777 0.8143849239157978 0.8404239013370716
1 0.3320038497352125 0.7210048711429515 0.3502977427680091 0.7319613041740146
1 0.15869328416134948 0.7512961859935373 0.17698717719414614 0.7640329246187937
1 0.25353267698926896 0.628841934469893 0.2597911140794363 0.6410873596222574
1 0.10044167739902336 0.6204634856814332 0.11940997236683383 0.6289057610616962
1 0.099478840923613 0.5813409994895975 0.11698751482516676 0.591461162952149
1 0.09899742268590783 0.6030620920438627 0.11873557043181998 0.6146630211355764
1 0.32774132095020425 0.6256194541666392 0.3342012077279831 0.6397159341462637
1 0.3093771925630693 0.6546217768959234 0.31756130260405724 0.6694451862908909
1 0.33581617942242786 0.6516071245392884 0.34469852374187393 0.6721464533999673
1 0.43454593436641475 0.6546217768959234 0.44078933956133537 0.6710654360915105
1 0.4605425192024942 0.6571997611385264 0.4672823745303667 0.6720231705334939
1 0.4499513179729803 0.6559107690172249 0.45669117330085285 0.6720231705334939
1 0.5175004950474602 0.6537691591562018 0.5255339812926928 0.6707341784121923
1 0.5328427261446851 0.6526881418477452 0.5433464560877843 0.6720231705334939
1 0.58667409748125 0.6571997611385264 0.5950191363808073 0.6699844187830537
1 0.6357787577271778 0.6526882887139711 0.6426608013669268 0.673227470708424
1 0.6126706823173295 0.6539772808352726 0.6192437117974783 0.6699844187830537
1 0.6569611601862055 0.6526881418477452 0.6636554333947084 0.6694451862908909
1 0.6789976644919333 0.6526881418477452 0.6894949805058239 0.6710654360915105
1 0.6652704050891531 0.6537691591562018 0.6725377777141544 0.6689034014745968
1 0.8341230716617098 0.6571997611385264 0.8413023197836289 0.673227470708424
1 0.8114964144895666 0.49220876961193216 0.8211247792436702 0.503165202642995
1 0.9284810462519242 0.7583856426606956 0.9438864298584898 0.7738535481163139
1 0.8302717257600685 0.3169058411149257 0.8408629269895823 0.3364666761223284
1 0.2786215949508797 0.18270286523140067 0.2896390448171571 0.20154104625843977
1 0.13125244461215455 0.2416602002896154 0.14810208293183563 0.2647016602022142
1 0.969736504790223 0.053425822463592065 0.9819184706371986 0.07199733806763721
1 0.9891397442027763 0.06308380393728376 0.9964290731509805 0.07844229867414479
1 0.8211247792436702 0.01592618079102117 0.8312237176208863 0.03410985951620872
1 0.8625267476863153 0.024304629579481048 0.875230384377811 0.04763103357937707
1 0.5419022013746688 0.20089655019778901 0.5513124602161851 0.2166457093689816
1 0.8723447013117831 0.32288350557959017 0.8802803297433597 0.3402678722322352
1 0.9048086358045965 0.3016359463374685 0.9134656850026799 0.32288350557959017
1 0.6782825151214104 0.23499587416899584 0.6854967227864799 0.25334603896901003
1 0.6877719273993368 0.2395663138368346 0.6948751927510705 0.2572092315584867
1 0.556344748505824 0.2073415108042966 0.5650194547798173 0.22216492019926407
1 0.10691726804789645 0.4899665850744564 0.1206612433826407 0.4999427223397412
1 0.09803458621049746 0.5933946511341013 0.11777273395640962 0.6011286038619104
1 0.842307181702698 0.6565552650778756 0.8495284552682756 0.6739566587154462
1 0.9270367915388087 0.658488753259828 0.9328138103912709 0.6739566587154462
1 0.941960756907669 0.6617112335630817 0.9501448669486572 0.6733121626547954
1 0.8750436218666497 0.04363951139900381 0.8769692948174705 0.04943997594486066
1 0.2910832995302726 0.18413965262086932 0.300230246046671 0.19960755807648747
1 0.14425073703019423 0.2440777862613899 0.157249029448234 0.2601901877776589
1 0.10718153272689578 0.49736473809713816 0.12354975280887172 0.5076766750675503