1 0.06964892412231032 0.9274525063710597 0.08550240320553677 0.9490440223320539
1 0.055274280860144985 0.8924742505142491 0.0725474936289403 0.9123384451983637
1 0.3592828255909424 0.959839780312551 0.37526054740207804 0.977544823400566
1 0.3822197055492639 0.9840222781888643 0.4054886697474699 0.9977349943374858
1 0.5962627406568517 0.8756328680646738 0.6136308836114533 0.8911787595565895
1 0.8827859569648926 0.8220859084814083 0.9079232461598034 0.8391845979614949
1 0.7164064995857854 0.782559456398641 0.7344280860702151 0.7957442590089956
1 0.7332478820353607 0.7456519419794891 0.7479301128888368 0.7633569850675043
1 0.6285290296245393 0.6149490373725934 0.6472253680634201 0.6342397196207594
1 0.6391088724454264 0.7871076526245978 0.6512001213835831 0.8030853744357335
1 0.2647119856817881 0.9006790265794269 0.2802578771737039 0.9183840696674421
1 0.20101925254813138 0.7443564510218295 0.21202868673696237 0.7610419026047565
1 0.26816662823554716 0.6618768600508319 0.2893263138773214 0.679581903138847
1 0.37374914128480846 0.5232163080407701 0.3970679785226821 0.5355664916790162
1 0.2824170287698033 0.08214465649813939 0.3065995266461167 0.09596322671317553
1 0.8785587844528513 0.1879430847070106 0.8971274881793063 0.20046616396438716
1 0.9256282892478185 0.5189410243890507 0.9377195381859752 0.5388052190731654
1 0.9087869067982431 0.5016987542468856 0.9212910532276332 0.5245548185389092
1 0.8776951238144116 0.5051224541740145 0.8889227121141285 0.5206683456659302
1 0.916559852544201 0.7853803313477183 0.9364240472283156 0.8000625622011942
1 0.161936369707456 0.8998153659409872 0.1748912792840525 0.9201113909443216
1 0.1977782862027063 0.959839780312551 0.20943770482164312 0.9766811627621264
1 0.18050507343391098 0.9006790265794269 0.1917326617336279 0.9136339361560235
1 0.1299809260851847 0.8890196079604901 0.13775387183114257 0.9015426872178668
1 0.13775387183114257 0.8868604563643907 0.14854962981163966 0.9015426872178668
1 0.5276966500866966 0.8717463951916948 0.5389242383864136 0.8903150989181499
1 0.16107270906901625 0.7516975664485674 0.1796414127954712 0.7681071185789229
1 0.20555123194866418 0.7318333717644528 0.21505149897150155 0.7456519419794891
1 0.21202868673696237 0.7491065845332482 0.22843823886731793 0.7685389488981429
1 0.2146196686522817 0.7283787292106938 0.22800640854809806 0.746083772298709
1 0.7349752033122403 0.7629251547482844 0.743611809696638 0.7845166707092786
1 0.9057640945637039 0.5491691467344425 0.9178553435018606 0.5690333414185571
1 0.9074914158405836 0.5845792329104729 0.9213099860556196 0.6031479366369278
1 0.7157587541069556 0.5424757767865342 0.7261226817682328 0.561908141151429
1 0.36813534713495 0.3930624863364549 0.39145418437282364 0.4064492262322712
1 0.22217669923862965 0.4172449842127683 0.23513160881522613 0.43624551825844315
1 0.1969146255642665 0.48849698688404897 0.2180743112060408 0.5005882358222057
1 0.029364461706952023 0.20089799428360702 0.05009231702950639 0.21169375226410414
1 0.38821545697867454 0.14260090118892288 0.39987487559761137 0.1585786230000585
1 0.39685206336307216 0.14173724055048315 0.4106706335781084 0.15901045331927854