1 0.39844891446547237 0.05852549322704416 0.41247080488406973 0.071039979841622
1 0.2970707361085298 0.010506905325704863 0.3087088157864495 0.025987828029141766
1 0.2696050247603388 0.006094556632495472 0.2893803369310363 0.019331602712123645
1 0.20698320288646313 0.07522135282610933 0.23005440041894365 0.0972830962921563
1 0.1759682531570614 0.1273551696072223 0.19326191800666478 0.14675262385981797
1 0.1843813874082198 0.14800407252127573 0.20821860111983526 0.17053014842751585
1 0.08903253256175797 0.1780388403962626 0.1026134997633371 0.20023789913370885
1 0.02640142202535657 0.2068221596097916 0.05444520286255122 0.2324768571696762
1 0.04556467226410623 0.24811996543789852 0.05818437364084384 0.2618859007139342
1 0.08064093068478426 0.0028360277921727476 0.09978264854934926 0.012221892753106133
1 0.02680813644232979 0.5341056169198865 0.05207659088266556 0.5605797090791427
1 0.18999014357565874 0.35199020433889466 0.20868599746712183 0.36575613961493025
1 0.15166364309815938 0.3451072367008768 0.167555118905903 0.36012462063837025
1 0.10211963028578216 0.3463586853623346 0.1217502768718184 0.3645046909534725
1 0.060865618514086714 0.3517285376005648 0.0916272152240607 0.38261497845303055
1 0.3133827792593151 0.3113181228415166 0.3456331272220891 0.3294641284326545
1 0.3596550176406864 0.25375148441445855 0.3736769080592838 0.26501452236757855
1 0.09604347777105664 0.3569959989847257 0.11660891705166607 0.3726391072529481
1 0.16007677734931774 0.35011303134670796 0.17643564950434798 0.36513041528420137
1 0.19653369243767083 0.3419786150472323 0.21055558285626816 0.35511882599253913
1 0.3362852002763575 0.33759854473213013 0.35404626147324747 0.349487307015979
1 0.32787206602519914 0.33259275008629896 0.34469833452751586 0.3407271663857746
1 0.30637183405001656 0.32132971213317885 0.32413289524690647 0.3313413014248412
1 0.5382004223041591 0.4070539454430371 0.5503527273336101 0.42832857268781954
1 0.5143632085925435 0.34323006370869014 0.5297872880530006 0.35887317197691243
1 0.5634398250576342 0.436462988987295 0.5840052643382437 0.4552347189091619
1 0.5461461602080309 0.45210609725551737 0.5671789958359268 0.47463217316175754
1 0.6985173694234552 0.32570978244828114 0.7377786625955278 0.36513041528420137
1 0.7148762415784853 0.33509564740921455 0.7475939858885459 0.3707619342607614
1 0.72515896121879 0.34010144205504567 0.7578767055288504 0.3757677289065925
1 0.06893448962843511 0.1774131160655337 0.08716294717261164 0.20181636496396047
1 0.02032526951063107 0.25437720874518743 0.0362167453183747 0.2675174196904942
1 0.023129647594350523 0.2643887980368497 0.035281952623801544 0.28065763063580096
1 0.006770775439320315 0.28190907929725867 0.021727458552490784 0.30005508488839655
1 0.04276029418038678 0.22559388953165838 0.06052135537727675 0.2431141707920674
1 0.3040348523135837 0.018479136060395064 0.31805674273218093 0.03662514165153292
1 0.3881661948251676 0.06415701220360419 0.40592725602205765 0.07729722314891094
1 0.3764812861430032 0.07542005015672425 0.3979815181181858 0.09106315842494657
1 0.3657311701554119 0.24436561945352514 0.3834922313523018 0.2575058303988319