umbrella 0.7415 0.3425 0.9547 0.5243 0.507
chair 0.4019 0.4765 0.4589 0.5716 0.569
chair 0.6794 0.5189 0.8408 0.6477 0.989
person 0.424 0.5074 0.5201 0.7252 0.994
person 0.1816 0.5073 0.3561 0.5724 0.894
person 0.3541 0.4305 0.4194 0.6239 0.993
chair 0.2576 0.479 0.4683 0.7014 0.627
chair 0.5312 0.5514 0.5989 0.7144 0.988
umbrella 0.5202 0.3312 0.7876 0.4298 0.938
umbrella 0.2187 0.3217 0.5469 0.6102 0.703
person 0.4657 0.5741 0.5251 0.7197 0.813
chair 0.2504 0.5383 0.3684 0.6128 0.861
chair 0.8094 0.4854 0.9629 0.647 0.995
person 0.2864 0.4991 0.3661 0.558 0.894
chair 0.3998 0.4728 0.4286 0.5203 0.644
chair 0.1745 0.5216 0.3475 0.6137 0.849
person 0.2921 0.4972 0.3149 0.528 0.521
person 0.1848 0.5179 0.361 0.6108 0.554
bird 0.0117 0.7489 0.0723 0.807 0.995
chair 0.3997 0.4838 0.4758 0.7088 0.965
chair 0.5392 0.5518 0.661 0.7126 0.965
umbrella 0.0967 0.3314 0.2864 0.5916 0.941
umbrella 0.2105 0.3894 0.3091 0.468 0.508
umbrella 0.5175 0.3311 0.7824 0.7245 0.945
chair 0.692 0.5216 0.7996 0.6455 0.533
person 0.6236 0.5291 0.7717 0.5911 0.982
umbrella 0.7413 0.3406 0.9515 0.5325 0.965
umbrella 0.2232 0.3238 0.5478 0.4723 0.989
chair 0.5886 0.518 0.8356 0.6853 0.546
umbrella 0.514 0.3305 0.7873 0.7232 0.694
person 0.618 0.5304 0.7752 0.6022 0.526
person 0.5379 0.511 0.5589 0.5547 0.645
person 0.4979 0.4906 0.5498 0.7339 0.991
