person 0.948 0.6062 0.9596 0.6273 0.736
car 0.7972 0.5938 0.8236 0.6178 0.531
person 0.1668 0.658 0.1841 0.7132 0.501
person 0.6339 0.6423 0.6508 0.6893 0.912
person 0.4833 0.6346 0.4997 0.6948 0.99
car 0.9534 0.5665 0.9894 0.5868 0.9
person 0.6496 0.6432 0.6651 0.6916 0.847
person 0.5423 0.6679 0.5558 0.6889 0.602
car 0.4065 0.6343 0.4596 0.6596 0.826
person 0.6623 0.6459 0.6809 0.6897 0.891
person 0.4991 0.6379 0.516 0.6944 0.928
car 0.7399 0.6055 0.7644 0.6253 0.714
car 0.7769 0.5962 0.8003 0.6171 0.915
car 0.9212 0.5712 0.9507 0.598 0.914
person 0.1561 0.6739 0.1823 0.7155 0.517
truck 0.2047 0.6491 0.2549 0.6918 0.574
car 0.3733 0.6391 0.3907 0.6557 0.8
person 0.1226 0.6576 0.1442 0.7224 0.967
person 0.9755 0.6543 0.9865 0.6865 0.573
person 0.4465 0.6402 0.466 0.6995 0.993
person 0.6421 0.642 0.6573 0.6886 0.969
person 0.0847 0.6818 0.0966 0.7166 0.942
car 0.7292 0.6068 0.7517 0.6252 0.798
kite 0.3281 0.2005 0.8163 0.4202 0.996
car 0.8269 0.5899 0.8629 0.609 0.942
person 0.7168 0.6274 0.7288 0.6801 0.99
car 0.4027 0.6344 0.4401 0.6578 0.982
person 0.6832 0.6343 0.699 0.6927 0.99
car 0.8729 0.5784 0.9022 0.6051 0.529
person 0.7991 0.6188 0.8105 0.6611 0.991
car 0.6795 0.6064 0.702 0.6288 0.859
car 0.6029 0.617 0.6196 0.6367 0.504
car 0.8347 0.5922 0.8646 0.6096 0.525
person 0.1238 0.6573 0.142 0.7228 0.571
person 0.5703 0.6331 0.5835 0.6822 0.971
person 0.6258 0.643 0.6438 0.6906 0.908
