chair 0.8109 0.0123 1.0 0.3558 0.911
chair 0.7077 0.2638 0.955 0.5004 0.543
chair 0.254 0.2944 0.5738 0.8918 0.701
chair 0.2483 0.2931 0.3525 0.6582 0.984
chair 0.2537 0.2939 0.5708 0.6613 0.763
mouse 0.498 0.7099 0.5521 0.7795 1.0
chair 0.0001 0.4042 0.1164 0.8218 0.783
keyboard 0.4663 0.5625 0.6163 0.6754 0.999
laptop 0.0707 0.4608 0.3648 0.9377 0.999
chair 0.2497 0.2936 0.4421 0.8707 0.597
chair 0.0176 0.0153 0.2274 0.3431 0.992
chair 0.6938 0.1883 0.8572 0.4664 0.997
chair 0.2883 0.6286 0.4163 0.8754 0.567
chair 0.0001 0.3981 0.0486 0.81 0.999
chair 0.8318 0.0095 1.0 0.3153 0.996
laptop 0.6162 0.4034 0.8887 0.8318 0.999
mouse 0.514 0.5113 0.5689 0.5491 0.821
chair 0.2515 0.2891 0.5729 0.8088 0.574
person 0.3023 0.1335 0.5891 0.7926 0.999
