chair 0.345 0.4708 0.4227 0.6167 0.829
umbrella 0.5145 0.3263 0.8086 0.7077 0.975
chair 0.7846 0.4833 0.9535 0.6498 0.997
person 0.1897 0.5079 0.3232 0.5838 0.864
chair 0.3949 0.475 0.4298 0.5398 0.933
chair 0.5973 0.5166 0.8234 0.648 0.829
umbrella 0.2119 0.3228 0.5367 0.703 0.969
chair 0.3937 0.4878 0.4358 0.6232 0.9
umbrella 0.2083 0.3251 0.5378 0.4695 0.878
person 0.4212 0.5042 0.5171 0.7273 0.999
umbrella 0.0985 0.3315 0.2867 0.4316 0.597
person 0.5997 0.5302 0.7572 0.6853 0.905
person 0.8158 0.4964 0.9363 0.5977 0.585
chair 0.711 0.515 0.8316 0.6412 0.99
person 0.1905 0.5079 0.3109 0.5702 0.847
chair 0.1769 0.4998 0.3891 0.6108 0.59
person 0.5001 0.4863 0.5545 0.7361 0.998
umbrella 0.5145 0.3286 0.8126 0.5734 0.753
umbrella 0.5146 0.3302 0.8122 0.4319 0.87
chair 0.5782 0.5565 0.6629 0.707 0.842
person 0.2944 0.5016 0.3703 0.5597 0.949
chair 0.5244 0.5435 0.5924 0.7163 0.989
person 0.6039 0.5283 0.7631 0.5865 0.977
umbrella 0.7343 0.336 0.9442 0.5291 0.979
umbrella 0.733 0.3369 0.9415 0.4396 0.735
person 0.3433 0.4289 0.4094 0.6274 0.996
bird 0.0046 0.7494 0.0714 0.8055 0.992
chair 0.1795 0.5198 0.3529 0.6092 0.959
umbrella 0.7355 0.4064 0.8159 0.4329 0.506
chair 0.5916 0.5611 0.733 0.655 0.861
umbrella 0.0978 0.3289 0.2875 0.5664 0.993
