person 0.6268 0.6393 0.6423 0.6875 0.91
person 0.9651 0.6594 0.9758 0.6889 0.92
car 0.9731 0.5684 0.9979 0.5866 0.584
person 0.6379 0.6394 0.6539 0.6882 0.92
person 0.866 0.6035 0.8745 0.6322 0.889
person 0.5 0.6344 0.515 0.6935 0.951
person 0.791 0.6182 0.8005 0.6588 0.588
person 0.4944 0.646 0.5108 0.693 0.582
person 0.1304 0.6572 0.1457 0.7107 0.894
person 0.8039 0.601 0.8132 0.629 0.874
person 0.4469 0.6353 0.4659 0.6962 0.92
car 0.8423 0.5903 0.8695 0.6081 0.548
person 0.8064 0.6004 0.8162 0.6266 0.706
person 0.6796 0.6339 0.6959 0.6882 0.992
person 0.8657 0.6027 0.8741 0.6318 0.923
person 0.3382 0.638 0.3547 0.6715 0.585
car 0.9508 0.5647 0.9848 0.5857 0.939
person 0.4424 0.6352 0.4615 0.6968 0.982
person 0.6249 0.6413 0.6395 0.686 0.72
car 0.6748 0.6127 0.6943 0.6347 0.555
person 0.6496 0.647 0.6681 0.6868 0.722
car 0.9825 0.5667 1.0 0.5841 0.553
car 0.3599 0.6408 0.383 0.6657 0.64
person 0.4797 0.6388 0.4963 0.6961 0.988
person 0.6444 0.6405 0.6609 0.6868 0.877
car 0.7268 0.605 0.7558 0.6273 0.969
kite 0.3225 0.1935 0.8165 0.4357 0.999
car 0.6852 0.6125 0.7044 0.6334 0.885
car 0.8267 0.5916 0.8592 0.6095 0.954
person 0.941 0.6042 0.9507 0.6254 0.927
person 0.7913 0.6183 0.8009 0.6589 0.972
car 0.6006 0.6179 0.6275 0.6413 0.758
car 0.9027 0.5726 0.9299 0.5948 0.698
car 0.4018 0.6343 0.4502 0.659 0.992
car 0.1933 0.6648 0.2451 0.6929 0.919
car 0.8145 0.5934 0.8458 0.6118 0.896
person 0.5662 0.6332 0.5783 0.6839 0.986
person 0.7112 0.631 0.7228 0.6784 0.987
person 0.54 0.6643 0.5507 0.6897 0.955
car 0.7626 0.6009 0.7888 0.6234 0.681
car 0.9153 0.5732 0.9444 0.5978 0.927
person 0.653 0.6386 0.669 0.6881 0.906
truck 0.198 0.6549 0.251 0.6952 0.539
person 0.6589 0.6486 0.6778 0.6851 0.667
car 0.7675 0.5993 0.7942 0.6232 0.886
