keyboard 0.4701 0.556 0.6059 0.6731 0.968
dining table 0.0009 0.7265 0.521 0.9916 0.638
laptop 0.5847 0.409 0.8839 0.693 1.0
chair 0.2489 0.2864 0.5647 0.8638 0.98
chair 0.023 0.0038 0.2259 0.3422 0.997
mouse 0.1093 0.7732 0.1624 0.8494 0.904
laptop 0.0689 0.4519 0.3624 0.8829 0.999
chair 0.6944 0.1923 0.9322 0.4554 0.766
mouse 0.4871 0.7056 0.5499 0.7826 0.999
chair 0.6929 0.1922 0.8501 0.4673 0.99
person 0.3054 0.1282 0.5871 0.7911 0.999
chair 0.7947 0.0959 0.9492 0.3996 0.863
chair -0.0003 0.3941 0.1067 0.8285 0.948
chair 0.8005 0.1015 0.9283 0.2877 0.682
chair -0.0001 0.3929 0.0494 0.8186 0.854
chair 0.8779 0.001 0.9999 0.3464 0.738
keyboard 0.1517 0.6735 0.3441 0.8659 0.872
chair 0.8524 0.3745 0.9489 0.4466 0.526
