1 0.32683013916015624 0.4109051513671875 0.34349473219651444 0.4272368445763221 1.0
1 0.8275059157151442 0.41687960111177885 0.8435605093149039 0.4313976111778846 1.0
1 0.6786247840294471 0.34732475867638224 0.6975821627103366 0.3608448674128606 1.0
1 0.1950040259728065 0.7391807673527644 0.2100829139122596 0.7551736215444712 1.0
1 0.16805426964393028 0.39765099158653844 0.1824197739821214 0.4122648737980769 1.0
1 0.265249751164363 0.407314687875601 0.27914764404296877 0.42419921875 1.0
1 0.21810100848858174 0.39975557767427883 0.23391308124248797 0.41497244027944713 1.0
1 0.22094926100510817 0.7247105525090144 0.2367559579702524 0.7394110107421875 1.0
1 0.1493914090670072 0.6447132756159856 0.16265655517578126 0.6608936955378606 1.0
1 0.2394695810171274 0.7082555213341346 0.25641993596003604 0.7244905911959134 1.0
1 0.4245475416917067 0.3004033954326923 0.43865976186899036 0.3164744685246394 0.9999998807907104
1 0.4130156531700721 0.979285888671875 0.42542616624098556 0.9983833195612981 0.9999979734420776
1 0.7076991154597356 0.4145158973106971 0.7247707895132212 0.4292137732872596 0.9999946355819702
1 0.6374183067908654 0.4113915546123798 0.6529132080078125 0.42695932241586537 0.9999886751174927
1 0.8187149752103365 0.2920838576096755 0.8352210411658654 0.3087193415715144 0.9999852180480957
1 0.34506096473106973 0.9853694974459135 0.3561299015925481 1.0 0.9999786615371704
1 0.8078754131610577 0.7185826228215144 0.8221885329026443 0.734036865234375 0.9999306201934814
1 0.43470238318810095 0.6582477745643028 0.4515803410456731 0.673514639047476 0.9996063113212585
1 0.14656219482421876 0.3984998497596154 0.16203243549053487 0.4132628455528846 0.999599039554596
1 0.1485271982046274 0.6174059119591346 0.16328024057241586 0.6328996863731972 0.9995390176773071
1 0.5358755258413461 0.48194744403545675 0.5526007080078125 0.4986247840294471 0.9993570446968079
1 0.945880126953125 0.6089868633563702 0.962991943359375 0.6238426795372596 0.9991157650947571
1 0.8159386268028846 0.7678387451171875 0.8287818321814904 0.783118896484375 0.9987699389457703
1 0.6790442833533654 0.6683484825721154 0.6931241548978365 0.6853191199669472 0.9986949563026428
1 0.2777331073467548 0.5402679443359375 0.2930072490985577 0.5547299429086539 0.9975969195365906
1 0.6724100435697116 0.48069190392127403 0.6872635591947115 0.49782912034254806 0.9975805282592773
1 0.6840632042518029 0.41591097318209136 0.7008933199368991 0.4294277719350962 0.9908708930015564
1 0.3050500723031851 0.5178181809645432 0.32467494084284854 0.5314815110426683 0.9873480796813965
1 0.08113596989558293 0.7149134239783654 0.10036265446589543 0.7283968411959134 0.9723277688026428
1 0.3065015822190505 0.6763882211538461 0.32174896240234374 0.6932266000600962 0.9454473257064819
1 0.5259221473106971 0.6230092679537259 0.5455382361778847 0.6384344482421875 0.9316923022270203
1 0.9823072228064904 0.5501730581430289 0.9968665489783654 0.568358154296875 0.9061716794967651
1 0.8025368088942307 0.6477774752103366 0.8172147310697115 0.6617326941856971 0.7411956191062927
1 0.9501585036057693 0.25904332087590143 0.9637069936899039 0.28051213191105767 0.7137837409973145
1 0.6900567626953125 0.5166226431039663 0.7036522028996395 0.5318580979567308 0.656687319278717
1 0.8505418982872596 0.6738770470252404 0.8657196514423077 0.6887122521033654 0.6309475302696228
1 0.5873026216947116 0.7003786996694712 0.6027719350961539 0.7135858154296875 0.4952393174171448
1 0.792301025390625 0.4049364295372596 0.8062722543569711 0.42105675330528847 0.4921902120113373
1 0.9742403470552885 0.2636963360126202 0.9899778395432692 0.2796796123798077 0.4110400378704071
1 0.3489135272686298 0.6990128267728365 0.3628918926532452 0.7129772010216346 0.39991486072540283
1 0.839474628155048 0.7276223520132211 0.851578369140625 0.7430015681340144 0.31063055992126465
1 0.9462165715144231 0.5502790245643029 0.9623288198617789 0.5671528508112981 0.2321736067533493
1 0.8221563251201923 0.2867195012019231 0.837466289813702 0.3032057542067308 0.07220745086669922
1 0.561363525390625 0.6851777062049279 0.5817724609375 0.6973121056189904 0.06315317004919052
1 0.6480269681490385 0.04837979830228365 0.6671564659705529 0.06404070340670072 0.05061057209968567