1 0.0690223400409405 0.9291770582932692 0.08714697030874399 0.9494581017127404 1.0
1 0.6893205378605769 0.9783591871995192 0.7071165583683894 0.9934205979567308 1.0
1 0.3745643498347356 0.524035409780649 0.3948234675480769 0.535333251953125 1.0
1 0.8771836500901442 0.5042622727614182 0.8901633864182692 0.5215642371544471 1.0
1 0.6871086707481971 0.9263777982271635 0.7028389798677884 0.9408983435997597 1.0
1 0.38108933668870193 0.9832781512920673 0.40380408653846156 0.9960684908353366 1.0
1 0.2016534893329327 0.4868831223707933 0.21894606370192307 0.5011203237680288 1.0
1 0.28366919884314906 0.08326234083909255 0.30402698223407454 0.09654017521784856 1.0
1 0.639908682016226 0.7862730994591346 0.6522310697115384 0.8034029447115385 1.0
1 0.21548731877253605 0.72734130859375 0.22775303767277644 0.7482107309194711 1.0
1 0.3618169461763822 0.9618544358473557 0.3756829833984375 0.9792081392728366 1.0
1 0.9087451171875 0.5865771953876202 0.9216391225961539 0.6063578444260818 1.0
1 0.9084168419471154 0.506424325796274 0.9208314866286058 0.5267659818209135 0.9999998807907104
1 0.9267564039963943 0.5199597637469952 0.9377344689002404 0.5395779184194711 0.9999997615814209
1 0.6595411095252404 0.43801175631009615 0.6723882117638221 0.46075138972355767 0.9999997615814209
1 0.43928372896634615 0.2493750469501202 0.4533790001502404 0.2669665996844952 0.9999997615814209
1 0.16339654775766227 0.9021433668870192 0.17397653432992788 0.9197430889423077 0.9999996423721313
1 0.6293771597055289 0.6198778827373798 0.6467037259615385 0.6341388878455528 0.9999991655349731
1 0.7889827786959135 0.8029961688701923 0.8114032451923077 0.8150127704326923 0.9999990463256836
1 0.19881922795222357 0.9600264798677884 0.20913595346304087 0.9778785118689903 0.9999988079071045
1 0.5585379732572116 0.030131137554462138 0.5733097017728366 0.04638070033146785 0.9999985694885254
1 0.26784747783954327 0.6631043419471154 0.28514305701622594 0.6775678429236779 0.9999959468841553
1 0.9252195387620192 0.9832558030348558 0.94191162109375 1.0 0.9999927282333374
1 0.07190514197716347 0.7146934626652645 0.09492061908428485 0.7261695744441106 0.9999803304672241
1 0.7078667273888222 0.6504786564753606 0.7237386380709134 0.6655345271183895 0.9999637603759766
1 0.2657580096905048 0.9021859975961538 0.2781944861778846 0.9192799729567308 0.9999409914016724
1 0.7160322453425481 0.2615789090670072 0.7278535344050481 0.27804912860576925 0.9999309778213501
1 0.5957779165414664 0.02952565413254958 0.6107816725510817 0.04608866178072416 0.999923586845398
1 0.22241546630859374 0.417972646859976 0.2368487079326923 0.43577904334435097 0.9999059438705444
1 0.7733051476111779 0.8152524977463942 0.7909824782151442 0.82791748046875 0.9998670816421509
1 0.4463111290564904 0.28602872408353364 0.4608771221454327 0.3026812509390024 0.9997881054878235
1 0.5267307692307692 0.8752760667067307 0.5387059607872596 0.89230712890625 0.9993234872817993
1 0.878946533203125 0.1875855431189904 0.8950509878305288 0.20195382925180289 0.9991880059242249
1 0.497010498046875 0.5836655367337741 0.5146989558293269 0.5997995699368991 0.9985993504524231
1 0.9174999060997596 0.7861445500300481 0.9378626427283654 0.803243408203125 0.9967779517173767
1 0.17092206514798677 0.544983144906851 0.1875613990196815 0.5599153958834134 0.9938031435012817
1 0.8450048828125 0.8019435471754808 0.8635468937800481 0.8145440204326924 0.9937472343444824
1 0.908495624248798 0.4938006591796875 0.9206129807692308 0.511162578876202 0.9912029504776001
1 0.49629901592548076 0.5003485107421874 0.5118253737229568 0.517711416391226 0.9800516366958618
1 0.5977895883413461 0.87615966796875 0.612733389047476 0.8941850398137019 0.9741727113723755
1 0.37616847111628604 0.6697565636268029 0.39157557560847356 0.6830448091947116 0.9298866391181946
1 0.6417794095552884 0.7244304480919471 0.6554149451622596 0.7394780555138221 0.8077454566955566
1 0.3725873506986178 0.511416015625 0.39066856971153846 0.519933096078726 0.7954970002174377
1 0.8169873985877404 0.3089417208158053 0.8358875450721154 0.32528900146484374 0.6755008101463318
1 0.657081298828125 0.3701502873347356 0.6722275015024038 0.3864813232421875 0.664276659488678
1 0.7346987680288461 0.6118477689302885 0.7533897517277645 0.6228736290564904 0.5155925750732422
1 0.5671787672776443 0.6260732797475962 0.5832025615985577 0.6379860276442307 0.2824815511703491
1 0.9027712777944712 0.554196542593149 0.9158574030949519 0.5706896033653847 0.28057506680488586
1 0.7153207632211539 0.5404884221003605 0.727704608623798 0.5589110389122596 0.05281856656074524