1 0.34645348182091346 0.5062703294020433 0.3660914494441106 0.5218995079627404 1.0
1 0.2640979473407452 0.5085914963942307 0.2798895733173077 0.5209658578725962 1.0
1 0.6738638070913462 0.42496309720552883 0.684573223407452 0.4438300969050481 1.0
1 0.3464672382061298 0.12136392446664664 0.3579127854567308 0.13805612417367788 1.0
1 0.7951146521935096 0.23983421912560096 0.8121136944110577 0.2539594210111178 1.0
1 0.50997802734375 0.1900202120267428 0.5278314208984375 0.20663177490234375 1.0
1 0.3081168306790865 0.7839598200871394 0.32563939021183896 0.8194479604867788 1.0
1 0.3764131047175481 0.9093623234675481 0.38796661376953123 0.9319257061298077 1.0
1 0.1988036874624399 0.4385609788161058 0.21999861497145431 0.4484948260967548 1.0
1 0.775125497671274 0.24638653094951923 0.786444326547476 0.2631533343975361 1.0
1 0.08663778451772837 0.23768564077524038 0.10241889366736778 0.25531484750600963 1.0
1 0.6915347994290866 0.544858633188101 0.7022457181490385 0.5599656794621394 1.0
1 0.9461981670673076 0.38050328181340143 0.9570366023137019 0.3995484337439904 1.0
1 0.362257314828726 0.12455565232496996 0.37449432373046876 0.14234159029447116 1.0
1 0.3295100285456731 0.15261568509615384 0.35018150916466345 0.16356574425330528 1.0
1 0.5417033503605769 0.2079168935922476 0.560804208608774 0.21859583928034856 1.0
1 0.49593543419471153 0.20664355938251203 0.5172738882211538 0.22031357985276442 1.0
1 0.10253305288461538 0.23826002854567307 0.11097173837515024 0.2552593759390024 1.0
1 0.6259589092548077 0.2590497295673077 0.6490748478816106 0.2728503887469952 1.0
1 0.013825965294471153 0.25364548903245193 0.028230608426607573 0.2665782282902644 1.0
1 0.07777573805588943 0.1491058819110577 0.09061384934645433 0.169437983586238 1.0
1 0.2687683574969952 0.33846632737379806 0.28987684983473555 0.34921058067908656 1.0
1 0.314344482421875 0.5024793888972355 0.3254462374173678 0.5216209528996394 1.0
1 0.07881141662597656 0.4512002798227163 0.09319931030273437 0.46836712176983175 1.0
1 0.7183997990534856 0.1284523479755108 0.7286418269230769 0.1456686518742488 1.0
1 0.42770911583533655 0.6203496375450721 0.44544518103966346 0.652848135141226 1.0
1 0.20011500431941107 0.4268164532001202 0.21980722280649037 0.4369862717848558 1.0
1 0.10623105562650241 0.6732589017427885 0.11881290142352764 0.6934789100060096 1.0
1 0.6561204646183895 0.26744208702674277 0.6714813232421875 0.30500201885516826 1.0
1 0.39486835186298075 0.6326166710486779 0.40789165790264426 0.6530745755709134 1.0
1 0.05234750014085036 0.23301586444561298 0.0631541501558744 0.24785083477313702 1.0
1 0.3264464627779447 0.5037691556490385 0.3350676081730769 0.5207620004507212 1.0
1 0.542390887920673 0.21997765174278847 0.5603125939002404 0.2300373018704928 0.9907001852989197
1 0.5825003286508413 0.08674787668081431 0.5934734637920673 0.10327829214242788 0.9500633478164673
1 0.7030201603816105 0.5430015211838942 0.7139582707331731 0.5575924447866587 0.9459819793701172
1 0.37025975153996393 0.6551190185546875 0.3831149761493389 0.6713766714242788 0.8790515661239624
1 0.17720905010516827 0.715550771859976 0.19101242065429688 0.7287250694861779 0.7183728218078613
1 0.2828627366286058 0.9846692833533653 0.299383051945613 0.9979886568509615 0.5238794684410095
1 0.050020622840294474 0.5735968956580528 0.06857765784630408 0.5893236365685096 0.4305565059185028
1 0.6462820199819711 0.4210006948617788 0.6613116455078125 0.43906461275540865 0.2253878116607666
1 0.7325546968900241 0.003962209408099835 0.7461689171424278 0.018530277839073767 0.12770727276802063
1 0.1203857187124399 0.6748140775240384 0.1300064673790565 0.6931754244290865 0.07771040499210358