1 0.32779541015625 0.41056588979867786 0.3435022676908053 0.42754680926983174 1.0
1 0.2198607928936298 0.724218984750601 0.23685396634615385 0.739793935922476 1.0
1 0.43627272385817306 0.6580156531700722 0.45123384915865383 0.6731645789513221 1.0
1 0.19437436617337742 0.7395425180288462 0.21009016770582933 0.7561750676081731 1.0
1 0.7074354435847355 0.41415640024038464 0.724871356670673 0.42905179537259613 1.0
1 0.3432117168719952 0.5075155404897836 0.3603746384840745 0.5202300086388221 1.0
1 0.26398693378155047 0.40665926419771636 0.27794548621544474 0.4240769606370192 1.0
1 0.8275330528846154 0.4162818321814904 0.8433868877704327 0.4309759990985577 1.0
1 0.1468398226224459 0.6160119159405049 0.1645227285531851 0.6303282752403846 0.9999998807907104
1 0.679020761343149 0.34787024864783656 0.696293710561899 0.36184227576622596 0.9999998807907104
1 0.1698315664438101 0.7735804161658654 0.1854663320688101 0.7882718599759615 0.9999998807907104
1 0.41284480168269233 0.9783319561298077 0.42505399263822113 0.9975690166766827 0.9999997615814209
1 0.5376497708834135 0.4820182917668269 0.55232666015625 0.498326416015625 0.9999990463256836
1 0.9718441068209135 0.2628636756310096 0.9882481032151442 0.27872976449819714 0.9999929666519165
1 0.345025400015024 0.983324725811298 0.35678185096153847 1.0 0.999958872795105
1 0.3066192392202524 0.6763427734375 0.32178001990685096 0.6934619140625 0.9999208450317383
1 0.13436983548677883 0.9760886793870193 0.1475835946890024 0.994697265625 0.9998903274536133
1 0.679063955453726 0.6684836050180288 0.6944621863731971 0.6890814208984375 0.9996800422668457
1 0.23969203068659856 0.7081855656550481 0.2562239896334135 0.723761737530048 0.9996321201324463
1 0.8499281663161058 0.6730758901742788 0.8656099759615384 0.6885362361027644 0.9993477463722229
1 0.36803600604717546 0.46610722468449517 0.3832042283278245 0.4826868145282452 0.9992257356643677
1 0.9752130596454327 0.2292680945763221 0.9902044208233173 0.24645280104417067 0.9987843632698059
1 0.1487095172588642 0.6446237886868991 0.16346322866586538 0.6618018517127404 0.9956035614013672
1 0.6704290771484375 0.4808562293419471 0.6874062875600961 0.4972447791466346 0.995049774646759
1 0.8472728553185096 0.34029188889723555 0.8615187424879808 0.3549996948242187 0.9934104084968567
1 0.52705322265625 0.6254239595853366 0.5441987022986778 0.6403680419921876 0.9927617907524109
1 0.43848660982572113 0.640406728891226 0.45166480431189904 0.6555632605919471 0.9924830794334412
1 0.5613336181640625 0.6852324030949519 0.580196533203125 0.6990322641225961 0.9892668724060059
1 0.8181333571213942 0.2936932373046875 0.8334319598858173 0.3072087918795072 0.9614382386207581
1 0.7925353064903846 0.4037707989032452 0.8066961200420673 0.4204974834735577 0.9575047492980957
1 0.7322210693359374 0.7970753831129808 0.7459825251652644 0.8112079326923077 0.622137188911438
1 0.48186438927283654 0.9612003267728365 0.5000259164663462 0.9772042142427885 0.4748995006084442
1 0.1669820814866286 0.3972632774939904 0.1825015610914964 0.41163315993088945 0.4696277379989624
1 0.6845771202674279 0.4151758751502404 0.7011698091947115 0.42909771259014423 0.45024701952934265
1 0.08055767939640926 0.715877685546875 0.10036527193509616 0.7292829777644231 0.42511361837387085
1 0.8456805889423077 0.6452422156700721 0.8624901404747596 0.6597344031700721 0.3966811001300812
1 0.435316162109375 0.8258667931189904 0.4515772423377404 0.8412772310697115 0.2958889305591583
1 0.3794161283052885 0.5087183556189904 0.3956910588191106 0.5228613750751202 0.2547994554042816
1 0.17375261746920073 0.6713569054236779 0.18769204946664664 0.6901297701322116 0.19083431363105774
1 0.7036898099459135 0.7722060922475962 0.7226773775540866 0.7862358210637019 0.16654302179813385
1 0.4825767634465144 0.9763243689903847 0.4991248497596154 0.9923834698016827 0.15671361982822418
1 0.6374226731520433 0.4099042217548077 0.6528120304987981 0.4255218975360577 0.14283746480941772
1 0.18321496816781851 0.4836822979266827 0.20482259897085336 0.4968706805889423 0.06462069600820541
1 0.7558049128605769 0.48699012169471156 0.770495135967548 0.49955350435697116 0.06435717642307281
1 0.04117369138277494 0.8612100923978365 0.05664206284743089 0.8769134990985576 0.06208011507987976