1 0.06951577993539663 0.9283612530048077 0.08638965313251203 0.9486426720252403 1.0
1 0.36131885235126204 0.9611025766225961 0.3765784160907452 0.9803094951923077 1.0
1 0.16316812368539663 0.9008796574519231 0.17417135385366586 0.9200161508413461 1.0
1 0.9076706167367788 0.5048360032301683 0.9209944035456731 0.5268203970102163 1.0
1 0.907992412860577 0.5858389047475961 0.9214092548076923 0.6054395470252404 1.0
1 0.3748402287409856 0.5234738393930288 0.39593496469350964 0.5352931096003606 1.0
1 0.19821873591496394 0.9591984675480769 0.21024000901442308 0.9785806039663462 1.0
1 0.28434910700871396 0.08226070697490985 0.3045057326096755 0.09586383526141827 1.0
1 0.6885252497746395 0.978491962139423 0.7079716609074519 0.9940912334735577 1.0
1 0.8771010178786057 0.5032145808293269 0.8895689039963942 0.5215291654146634 1.0
1 0.22307934100811297 0.4172441687950721 0.23663616473858173 0.4369029353215144 1.0
1 0.21615703876201922 0.7273414024939904 0.22756831242487982 0.7461837064302884 1.0
1 0.6391954627403846 0.7862055851862981 0.6520226111778846 0.8030801156850962 1.0
1 0.38181781475360577 0.9833482947716347 0.4043688025841346 0.9959127103365385 1.0
1 0.2661401836688702 0.9023216834435096 0.27942781888521634 0.9194669283353365 1.0
1 0.715805898813101 0.2621358079176683 0.7286565223106971 0.28024559607872596 1.0
1 0.5259334153395433 0.8718941556490385 0.5388161057692308 0.8926385967548077 1.0
1 0.9258738356370192 0.5191802039513221 0.9371195162259616 0.5398465670072116 1.0
1 0.26634080153245193 0.6638608022836539 0.2851820256159856 0.6763121150090144 0.9999996423721313
1 0.19946127084585336 0.48614816518930287 0.21837611271784857 0.5001553109975961 0.9999996423721313
1 0.16357320932241587 0.7510740778996394 0.17620111318734977 0.768175800030048 0.9999996423721313
1 0.6592351355919471 0.4384546367938702 0.6724018272986779 0.4617668738731971 0.9999995231628418
1 0.3714520733173077 0.5087882173978365 0.39253040020282454 0.5189617919921875 0.9999995231628418
1 0.8767335862379808 0.1871827697753906 0.8961566631610577 0.20062481219951922 0.9999988079071045
1 0.43949115459735577 0.24958974984975962 0.45275188739483174 0.2675562462439904 0.9999988079071045
1 0.5285079721304087 0.4923383037860577 0.5443424635667067 0.5111581655649039 0.9999979734420776
1 0.9191502028245192 0.7860000375600962 0.9348575533353365 0.8012272761418269 0.9999963045120239
1 0.730848388671875 0.5354065880408654 0.7444500732421875 0.5504714731069712 0.9999852180480957
1 0.5675057279146635 0.6226840444711539 0.583779062124399 0.6362826772836538 0.9999797344207764
1 0.9247137920673076 0.9850556828425481 0.9422324782151442 0.9988422100360577 0.9999740123748779
1 0.6312361497145432 0.6185135122445914 0.647341778094952 0.6338695350060096 0.9998749494552612
1 0.02804231203519381 0.20036588228665866 0.0510333251953125 0.21331075815054087 0.9998725652694702
1 0.3614236450195312 0.9143426983173077 0.37775367149939904 0.9279847130408654 0.9998700618743896
1 0.3687049748347356 0.39467754657451926 0.38858001708984374 0.4076664381760817 0.9998660087585449
1 0.8824949293870192 0.8243300217848558 0.9073625300480769 0.8366934908353365 0.9997425675392151
1 0.5592276705228365 0.02946282019981971 0.5724290583683894 0.04613565298227163 0.9995706677436829
1 0.6882509671724759 0.9255600210336539 0.7070563683143029 0.9396533203125 0.9995542168617249
1 0.8169473031850961 0.30899515005258416 0.8375021597055289 0.3243152324969952 0.9995430707931519
1 0.37535541240985576 0.6681401179387019 0.392701908991887 0.6815339543269231 0.9984424710273743
1 0.5980245736929086 0.8742140549879808 0.6116265399639423 0.8924277907151442 0.9904419779777527
1 0.04198927952693059 0.337509272648738 0.061273334209735575 0.3496460430438702 0.9855814576148987
1 0.7155290339543269 0.5409949199969952 0.7289747502253606 0.5569552377554087 0.9803045392036438
1 0.5957642540564904 0.029211170489971454 0.6102981332632211 0.04574420048640324 0.9610958695411682
1 0.716931387094351 0.6312042705829327 0.7373166597806491 0.6427225435697116 0.9473539590835571
1 0.7328929725060096 0.6127629206730769 0.752626718374399 0.6240094933143029 0.9407866597175598
1 0.16748969444861778 0.5439168137770433 0.18871905987079327 0.5603361159104567 0.9347989559173584
1 0.8419863656850961 0.800360858623798 0.8603847092848558 0.8140122633713942 0.9264339208602905
1 0.5471697059044471 0.49558269794170673 0.5656470665564903 0.5139754075270433 0.9222491979598999
1 0.707596200796274 0.6485302734375 0.7264058743990385 0.6629403921274039 0.7741137146949768
1 0.3401893498347356 0.6382602163461538 0.35217552771935096 0.6550723031850961 0.738118052482605
1 0.042816027127779446 0.753293222280649 0.06182840200570913 0.766206289438101 0.6486199498176575
1 0.9015031550480769 0.15685094980093148 0.9146420522836538 0.16944860605093148 0.6014133095741272
1 0.44878896859975964 0.1470837167593149 0.46190673828125 0.16428671029897837 0.4274839162826538
1 0.657896728515625 0.36995551476111777 0.6734433218149039 0.38658348670372594 0.323743611574173
1 0.13070703359750602 0.668372333233173 0.14601812509390025 0.6857579157902645 0.2793499529361725
1 0.019542469611534705 0.6312250225360577 0.03788895240196815 0.6470967923677885 0.14414510130882263
1 0.1957214120718149 0.4261795748197115 0.21251352163461537 0.44128896859975963 0.133057102560997