1 0.3888738309420072 0.06413016099196214 0.4067352294921875 0.07734578646146334 1.0
1 0.5377560659555288 0.4072936072716346 0.5508548677884615 0.42845407339242786 1.0
1 0.028133462759164663 0.5356083796574519 0.0504214360163762 0.557508075420673 1.0
1 0.20709460918719952 0.07665240948016827 0.2282287128155048 0.09709512563852163 1.0
1 0.04429141411414513 0.22471827580378606 0.061326681283804085 0.24178220308743992 1.0
1 0.17583160400390624 0.1277917245718149 0.19228145892803486 0.1473159907414363 1.0
1 0.19135427621694712 0.3512186138446514 0.20938546987680287 0.36596874530498796 1.0
1 0.08136335519643931 0.0018831146680391752 0.10063831035907451 0.01255785135122446 1.0
1 0.5620577298677885 0.4356060791015625 0.5837659630408654 0.4546336951622596 1.0
1 0.5458172137920673 0.45267418494591344 0.5675216909555288 0.4729643836388221 1.0
1 0.3587586857722356 0.25281116192157455 0.37449326735276445 0.26471266526442305 1.0
1 0.3149224384014423 0.3106799551156851 0.3418416654146635 0.32791576678936296 1.0
1 0.18505376962515024 0.14781160794771633 0.20713831974909855 0.16895099346454326 1.0
1 0.33570026104266826 0.3375786649263822 0.35453944279597355 0.34968041053185095 1.0
1 0.08846895071176382 0.1773635512131911 0.10265018169696515 0.19840033897986778 1.0
1 0.26940589317908653 0.005214610833388108 0.28808009221003605 0.01972903325007512 1.0
1 0.30317671555739184 0.018626883580134465 0.31865328275240384 0.035918866671048676 1.0
1 0.5144401667668269 0.3433919114332933 0.5296235069861779 0.35892108623798075 1.0
1 0.023466582665076622 0.2640961397611178 0.03615418947660006 0.2808121197040264 1.0
1 0.3967893629807692 0.05870580819936899 0.41132150503305287 0.0710245103102464 1.0
1 0.006693705045259916 0.2812914334810697 0.02181069594163161 0.2990521709735577 1.0
1 0.04518696711613582 0.24822042611929088 0.058734981830303484 0.26159414438100964 1.0
1 0.1596826406625601 0.348988037109375 0.17660474337064302 0.3644023953951322 1.0
1 0.2964343496469351 0.010740736447847806 0.30959578294020434 0.026945513211763823 1.0
1 0.3065697537935697 0.32076263427734375 0.3242587749774639 0.3320809232271635 1.0
1 0.3778820096529447 0.07586218613844652 0.39670701246995194 0.09055644108698918 0.9999998807907104
1 0.1969713885967548 0.3421471463716947 0.21105921818659856 0.35562218299278847 0.9999998807907104
1 0.15086630014272837 0.3455603731595553 0.16629112830528847 0.3613134765625 0.9999998807907104
1 0.022554955115685095 0.25437892033503606 0.03715731987586388 0.26844367394080526 0.9999998807907104
1 0.3273853947566106 0.3315093524639423 0.34490302452674276 0.3407054490309495 0.9999998807907104
1 0.42591407189002406 0.6546607853816105 0.44157081017127403 0.6717776254507212 0.9999997615814209
1 0.10154893141526443 0.3473539851262019 0.12195414616511419 0.36538804274338943 0.9999983310699463
1 0.8339259690504808 0.05083472031813401 0.8513915076622596 0.06670646080603966 0.9999978542327881
1 0.49132784329927887 0.5592724139873798 0.5107013408954327 0.5762553992638221 0.9999957084655762
1 0.4306389441856971 0.13181182861328125 0.45090670072115385 0.1532633737417368 0.9999878406524658
1 0.03556409982534555 0.20499981219951924 0.05406112670898437 0.22608367919921876 0.9999858140945435
1 0.7666041447566105 0.2875340388371394 0.7811277888371394 0.309984858586238 0.9999842643737793
1 0.7138069974459135 0.19705247145432692 0.7302025428185096 0.2233380126953125 0.9999840259552002
1 0.06865403395432693 0.17850330059344952 0.08653245779184195 0.20060718242938702 0.9999822378158569
1 0.6213276085486779 0.14822102473332333 0.6386895751953126 0.1651140653170072 0.9999555349349976
1 0.36578040489783653 0.24476919320913462 0.38389167198768026 0.2576599355844351 0.9999161958694458
1 0.206261479304387 0.843315899188702 0.225861323429988 0.8584698016826923 0.9998695850372314
1 0.096194581251878 0.35620246300330527 0.11668000441331129 0.371973876953125 0.9998635053634644
1 0.039093404916616586 0.13627557607797475 0.0522805903508113 0.15792993398813102 0.9998588562011719
1 0.5897843111478366 0.11333558302659255 0.6072675969050481 0.13237809401292067 0.9991453886032104
1 0.21014930138221155 0.32164600078876204 0.22506861760066105 0.336782954289363 0.999104917049408
1 0.9584723369891827 0.27353980431189906 0.9842522723858174 0.29131488506610576 0.9989284873008728
1 0.6998214956430289 0.32796234130859375 0.741480712890625 0.3660062349759615 0.9967108964920044
1 0.6674376502403846 0.07168909513033353 0.6920621431790865 0.089753171480619 0.996154248714447
1 0.6993818547175481 0.08838742182804989 0.7228748967097356 0.10600560114933895 0.9960648417472839
1 0.5853155048076923 0.5252850811298077 0.6059127572866586 0.5482898888221154 0.9756871461868286
1 0.5031065486027644 0.6088307542067307 0.5225694861778846 0.6281670203575721 0.9755774140357971
1 0.7735075495793269 0.32596156193659853 0.7894096491887019 0.3441315166766827 0.9685105681419373
1 0.2295922382061298 0.8592689866286057 0.25061427189753605 0.8741520808293269 0.966163694858551
1 0.539960467998798 0.08359659048227164 0.5584349646935096 0.10158403836763823 0.9584206342697144
1 0.7928572904146635 0.2595299823467548 0.8117147122896634 0.27669849102313704 0.9429323077201843
1 0.663749765249399 0.06625217731182392 0.6859693321814904 0.07994098369891826 0.9379693865776062
1 0.4849899057241587 0.648917236328125 0.5024378380408654 0.6675910832331731 0.9344120025634766
1 0.5610130427433895 0.1711395028921274 0.5806080040564904 0.18779058603140025 0.9050140976905823
1 0.3856018770658053 0.09527283888596755 0.4035201322115385 0.1109111844576322 0.6258861422538757
1 0.47763019268329326 0.6383912071814903 0.49323232797475963 0.6573503699669471 0.4964415729045868
1 0.34829655573918267 0.29242753248948317 0.36565570537860576 0.30964503361628604 0.4847670793533325
1 0.6945574012169471 0.2382854989858774 0.714231191781851 0.2563897235576923 0.48342227935791016
1 0.6824056302584135 0.5973364727313701 0.6970328463040866 0.6141603440504808 0.4480591118335724
1 0.7225572321965145 0.3392943162184495 0.7631854248046875 0.3730939190204327 0.4418892562389374
1 0.6334701303335336 0.46312204214242786 0.6587185434194711 0.48041541466346155 0.40118804574012756
1 0.06606460571289062 0.3542357694185697 0.08755074721116286 0.38414862999549276 0.3582056164741516
1 0.7530110051081731 0.3277204777644231 0.7680973933293269 0.34843336838942307 0.11900001764297485
1 0.2250086388221154 0.8570060847355769 0.24461878849909854 0.8716184645432692 0.08789483457803726
1 0.7139116023137019 0.331475337101863 0.7485861440805288 0.37252209003155046 0.07247482240200043
1 0.7816888427734375 0.14074939434344952 0.8062095289963942 0.15817437978891227 0.05333353951573372