1 0.5100035682091346 0.18959060668945313 0.5281208214393028 0.20664219782902643 1.0
1 0.9458494215745192 0.3800264798677885 0.9567115196814904 0.3992394080528846 1.0
1 0.3763239933894231 0.9087555401141827 0.3881983126126803 0.9322403658353365 1.0
1 0.3087463613656851 0.7838702392578125 0.3254715670072115 0.8205810546875 1.0
1 0.3464221895658053 0.12156233567457933 0.3580609130859375 0.13797352717472958 1.0
1 0.2636864295372596 0.5084519606370193 0.2802231069711538 0.5211633770282452 1.0
1 0.5419115271935097 0.20778839111328126 0.5605541053185096 0.21845973088191106 1.0
1 0.6735832331730769 0.42565880408653844 0.6851353571965144 0.4426893028846154 1.0
1 0.19902123084435097 0.4380504901592548 0.21961500901442307 0.4483564171424279 1.0
1 0.07781647902268629 0.14937767615685096 0.09061996459960937 0.16976708045372596 1.0
1 0.36219703087439903 0.12483248197115385 0.37422400841346154 0.14189030573918268 1.0
1 0.051969827505258415 0.23278552715594952 0.0630291043795072 0.24821152907151442 1.0
1 0.49704087477463943 0.20661144550030047 0.5166535362830529 0.2208325664813702 1.0
1 0.013652863135704628 0.25427816537710335 0.028216576209435094 0.2663072087214543 1.0
1 0.7946132249098558 0.24036607008713942 0.8127325908954327 0.2534771963266226 1.0
1 0.10656585693359374 0.6735478797325721 0.11932339008037861 0.692638174203726 1.0
1 0.3950670447716346 0.6334033672626201 0.407425537109375 0.651778329702524 1.0
1 0.3463313645582933 0.5060120567908654 0.36638707087590144 0.5216143329326923 1.0
1 0.6914344670222355 0.5441022198016827 0.7030757023737981 0.5600682654747596 1.0
1 0.774779052734375 0.2467883535531851 0.7864985539362981 0.2636139150766226 1.0
1 0.7185948768028846 0.1284133559006911 0.7296713961087741 0.1455884962815505 1.0
1 0.10241892887995793 0.23845252403846154 0.11138007530799279 0.2549487774188702 1.0
1 0.3145056621844952 0.502020498422476 0.32616919884314904 0.5214775672325721 1.0
1 0.08604722243088943 0.23692338209885816 0.10296977116511419 0.2551747013972356 1.0
1 0.2677038104717548 0.3377673809344952 0.29057645357572115 0.349010502741887 1.0
1 0.3261401836688702 0.5036617337740384 0.33462909405048075 0.5199127197265625 1.0
1 0.199187504695012 0.4275116905799279 0.22029587965745193 0.4363402850811298 1.0
1 0.6260368934044471 0.2595739276592548 0.6490555513822115 0.2725421612079327 1.0
1 0.4293682861328125 0.6183805025540865 0.44509559044471153 0.6558860896183895 1.0
1 0.32913060114933895 0.15280711247370793 0.35079906757061297 0.16355731670673077 1.0
1 0.07866749103252704 0.451162109375 0.09249016981858474 0.46771390474759617 1.0
1 0.6551567195012019 0.2666082294170673 0.6716779972956731 0.30545006385216344 1.0
1 0.1566775160569411 0.7671246337890625 0.17230010986328126 0.7807345815805289 0.9997736811637878
1 0.2529069636418269 0.6437022517277644 0.27024864783653846 0.6599355844350961 0.9994502663612366
1 0.2699069683368389 0.4796421931340144 0.28391167273888224 0.49251868614783656 0.9903694987297058
1 0.6463575627253606 0.42064485990084133 0.6609405517578125 0.4372320087139423 0.9827553629875183
1 0.28291118915264424 0.9848438439002404 0.30001629169170674 0.9977911846454327 0.9782600402832031
1 0.7022873629056491 0.5432809213491586 0.7132835975060097 0.5586768047626202 0.9729803204536438
1 0.013472502781794621 0.24437225341796875 0.028603498018704928 0.25528656005859374 0.9466255903244019
1 0.17791705791766826 0.7148421536959134 0.1928497314453125 0.7290546593299279 0.9285194873809814
1 0.9459795673076923 0.6852601036658654 0.9604783278245193 0.7012157264122596 0.7684230804443359
1 0.6531288029597355 0.2490911865234375 0.6694680551382212 0.26444615290715145 0.5062118172645569
1 0.008101176481980544 0.5693211482121394 0.021289917872502253 0.5842256986177885 0.37659594416618347
1 0.16571570763221155 0.7657575871394231 0.17779251098632812 0.7797216796875 0.2586459219455719
1 0.5776907113882211 0.7530350435697115 0.5911162860576923 0.7682062706580529 0.19517643749713898
1 0.37209071232722357 0.18340181790865384 0.38750042255108175 0.1970702890249399 0.1280273050069809
1 0.24596898005558895 0.5134332275390625 0.26509983943058896 0.5243173452524038 0.07651777565479279
1 0.1192407461313101 0.6781736872746394 0.1311827909029447 0.6958273550180288 0.07059913128614426