1 0.15816805326021635 0.7510057185246394 0.17623043353740986 0.7643455622746395 1.0
1 0.8197304124098558 0.015508277599628155 0.8311434232271635 0.03363225790170523 1.0
1 0.6343373929537259 0.6548458158052884 0.644147198016827 0.672356942983774 1.0
1 0.41897310697115386 0.8946918194110577 0.43076528695913463 0.9119760366586539 1.0
1 0.6969403076171875 0.7525323486328125 0.7149769474909856 0.7656805419921875 1.0
1 0.8714239032451923 0.32375983605018027 0.8819157527043269 0.3401850069486178 1.0
1 0.5320929894080528 0.6537107966496394 0.5440317007211538 0.6718419001652645 1.0
1 0.8282652869591346 0.31538494403545675 0.8424420635516827 0.33515345646784855 1.0
1 0.09956647432767428 0.6035030893179086 0.1185892075758714 0.6153423602764423 1.0
1 0.5862061485877403 0.6561363337590145 0.5964026348407452 0.6710948298527645 1.0
1 0.2786104877178486 0.18288482666015626 0.29152329664963944 0.20194810133713942 1.0
1 0.6785643592247597 0.6531922325721153 0.6903482759915865 0.671283944936899 1.0
1 0.9279741962139423 0.7594234525240384 0.9449338003305289 0.7738303316556491 1.0
1 0.540527108999399 0.19959134615384616 0.5525217379056491 0.21620304987980768 1.0
1 0.10064942580003004 0.6194820462740385 0.11889031043419471 0.6294629845252404 1.0
1 0.9690901066706731 0.0540951890211839 0.9819753793569711 0.07232455326960636 1.0
1 0.90373046875 0.30128871037409855 0.9147854379507212 0.32046471228966344 1.0
1 0.7957096041165865 0.8280880033052884 0.8156373009314903 0.8407191819411057 1.0
1 0.3315890033428486 0.7210671762319711 0.35087132380558894 0.7326498647836538 1.0
1 0.0992126934344952 0.5811459585336538 0.11766289344200721 0.5919096491887019 1.0
1 0.8610551570012019 0.025206360450157752 0.8746745417668269 0.045731996389535755 1.0
1 0.43272132286658654 0.654356689453125 0.44344956618088943 0.6708604548527645 1.0
1 0.33518150916466344 0.6553717041015625 0.345964120718149 0.6719912484975962 0.9999998807907104
1 0.8328924091045673 0.6569744873046875 0.8423463792067307 0.6740097280649039 0.9999998807907104
1 0.3084828538161058 0.6546102201021634 0.3184466552734375 0.6701010836087741 0.9999998807907104
1 0.7640979942908653 0.29429438664362984 0.7766625037560096 0.3106238262469952 0.9999998807907104
1 0.45784268892728364 0.6560167048527644 0.46849703275240384 0.6717868276742789 0.9999995231628418
1 0.6119078650841346 0.6544993708683894 0.6202187875600962 0.6709869384765625 0.9999995231628418
1 0.15009445190429688 0.2862146465594952 0.16827664888822116 0.30046851524939905 0.9999992847442627
1 0.959149169921875 0.6576565317007211 0.979718017578125 0.67285888671875 0.9999992847442627
1 0.664290771484375 0.653348858173077 0.6732252385066105 0.669338848407452 0.9999985694885254
1 0.8290072866586539 0.5245530818058894 0.848763427734375 0.5369186636117789 0.9999983310699463
1 0.5564047006460336 0.20635488656850962 0.5648400409405048 0.22108621450570914 0.9999983310699463
1 0.6562309852013222 0.6526933875450721 0.6653301062950722 0.6701425875150241 0.9999974966049194
1 0.5157801231971154 0.6539553128756009 0.5260866135817308 0.670450204702524 0.9999920129776001
1 0.9630667818509615 0.35170619084284854 0.9785276442307692 0.36960467998798074 0.999969482421875
1 0.10663380549504206 0.4959156212439904 0.12322621272160457 0.507685781625601 0.999937891960144
1 0.6659825721153846 0.8370984825721154 0.6789180814302884 0.8554132549579327 0.9998595714569092
1 0.9862188251201923 0.0629342768742488 0.9962598595252404 0.07875171367938702 0.9997865557670593
1 0.1418251272348257 0.24345489501953124 0.15970339261568509 0.2595798198993389 0.9996658563613892
1 0.555143057016226 0.9776978478064904 0.5699677452674279 0.9971305025540865 0.9995303153991699
1 0.8420667442908654 0.6562381685697115 0.8494427959735577 0.6725954495943509 0.9979022741317749
1 0.27989710881159857 0.7825855431189904 0.3021551513671875 0.7965718900240385 0.9943475127220154
1 0.9254304387019231 0.658662860576923 0.9333721454326923 0.6733462289663461 0.9937959909439087
1 0.44991750863882213 0.6556239201472356 0.45806124173677887 0.6712900015024038 0.9932147264480591
1 0.0992810293344351 0.5927248910757211 0.11770850548377404 0.6002365347055288 0.9869000315666199
1 0.6969124661959135 0.7840003849909856 0.7102324500450721 0.7982468825120193 0.8730759620666504
1 0.13047907902644232 0.24239328237680288 0.14880709134615386 0.26299795297475964 0.8387836217880249
1 0.3953187443659856 0.6517109093299279 0.40542330228365386 0.6690202918419471 0.5154483318328857
1 0.9737587327223558 0.8472616811899039 0.9866835374098558 0.8641892653245192 0.507250964641571
1 0.2532549579326923 0.627527841421274 0.26008462759164663 0.6410085824819711 0.3368815779685974
1 0.10526770958533654 0.5087330979567307 0.12137272761418269 0.5211023888221153 0.1679692268371582
1 0.3140643075796274 0.3939439978966346 0.3343553278996394 0.4101221642127404 0.15203265845775604
1 0.10082746065579928 0.5061797156700721 0.11925764817457933 0.5186651611328125 0.08850892633199692