apple 0.3336 0.2849 0.4009 0.3383 0.724
apple 0.5537 0.34 0.6021 0.3914 0.714
person 0.6435 0.0 0.9026 0.9983 1.0
person 0.9673 0.0108 1.0 0.9888 0.757
handbag 0.6337 0.5088 0.7465 0.7866 0.741
apple 0.3831 0.199 0.4177 0.2329 0.518
orange 0.6657 0.277 0.6904 0.3142 0.843
person 0.3803 0.2706 0.4686 0.4717 0.997
person 0.1288 -0.0016 0.3217 0.7093 0.928
orange 0.8955 0.1968 0.9171 0.2304 0.527
person 0.2761 0.0002 0.3803 0.1627 0.991
apple 0.8969 0.2128 0.9924 0.297 0.778
handbag 0.3158 0.5032 0.4926 0.9666 0.793
handbag 0.0002 0.3007 0.1459 0.7508 0.967
apple 0.8972 0.2195 0.9899 0.328 0.805
orange 0.54 0.1069 0.6712 0.2466 0.954
apple 0.3674 0.1886 0.4092 0.2254 0.633
orange 0.6324 0.2541 0.69 0.3121 0.661
person 0.965 -0.0002 1.0 0.0374 0.685
dog 0.1286 0.6749 0.532 0.9984 0.993
orange 0.6379 0.2518 0.682 0.2957 0.891
orange 0.3248 -0.0001 0.3771 0.037 0.865
orange 0.6178 0.1025 0.7169 0.2221 0.836
person 0.6682 0.0527 0.7278 0.1271 0.507
orange 0.5447 0.1081 0.6153 0.1937 0.884
apple 0.3582 0.2956 0.3943 0.3402 0.534
person 0.4967 0.3841 0.6383 0.9992 0.999
apple 0.9129 0.2169 0.9686 0.2673 0.514
orange 0.5462 0.1088 0.602 0.1755 0.777
person 0.9061 -0.0001 0.9639 0.0392 0.702
person 0.9693 0.006 1.0 0.524 0.852
apple 0.3182 0.1776 0.4212 0.2581 0.963
person -0.0 -0.0004 0.1761 0.9985 0.999
person 0.8331 -0.0 0.8748 0.0602 0.517
orange 0.6544 0.2859 0.6817 0.3211 0.593
orange 0.6648 0.1725 0.7024 0.2262 0.76
orange 0.3601 -0.0001 0.4067 0.0353 0.92
apple 0.4509 0.286 0.6018 0.4241 0.951
person 0.1292 -0.0006 0.3175 0.9986 0.938
apple 0.3445 0.2938 0.3883 0.3405 0.834
orange 0.3523 0.0443 0.425 0.1116 0.593
