dog 0.9666 0.7345 0.9999 0.9869 0.964
cow 0.9628 0.4715 1.0 0.5884 0.951
cow 0.547 0.4635 0.6034 0.6063 0.938
cow 0.5358 0.4671 0.5836 0.534 0.94
dog 0.9658 0.737 1.0 0.985 0.813
cow 0.1542 0.4551 0.2485 0.6016 0.995
cow 0.445 0.4632 0.4801 0.5234 0.909
cow 0.6647 0.4621 0.753 0.6113 0.991
cow 0.3225 0.4663 0.4396 0.6129 0.994
cow 0.0941 0.4543 0.181 0.5203 0.987
cow 0.799 0.4615 0.9093 0.621 0.701
cow 0.4312 0.5184 0.4885 0.6136 0.977
cow 0.097 0.5074 0.1699 0.5932 0.983
person 0.594 0.4232 0.6638 0.6174 0.999
cow 0.4556 0.4614 0.5683 0.6186 0.997
cow 0.6566 0.4549 0.6881 0.5093 0.795
person 0.884 0.4175 0.9501 0.6559 0.999
cow 0.9379 0.4723 0.9797 0.6153 0.847
cow 0.246 0.4581 0.3723 0.5908 0.991
cow 0.0123 0.448 0.1004 0.5862 0.992
cow 0.6498 0.5034 0.6875 0.5979 0.788
cow 0.2371 0.5028 0.2765 0.5922 0.84
cow 0.3637 0.4603 0.4468 0.5033 0.601
cow 0.735 0.4657 0.885 0.6183 0.971
cow 0.8391 0.4629 0.9079 0.6195 0.792
