handbag 0.7669 0.6714 0.7784 0.7064 0.642
person 0.6304 0.7522 0.7954 0.9971 0.999
car 0.6735 0.6258 0.7055 0.6747 0.993
handbag 0.7485 0.6412 0.7703 0.6901 0.556
person 0.7357 0.6146 0.7716 0.75 0.992
person 0.7441 0.6103 0.7594 0.6561 0.737
car 0.7676 0.5822 0.7933 0.6098 0.851
person 0.3963 0.6652 0.4794 0.9803 0.999
person 0.7924 0.6086 0.8061 0.6579 0.766
person 0.7618 0.6054 0.7768 0.643 0.82
person 0.6956 0.6142 0.7312 0.7499 0.99
person 0.7856 0.6108 0.8005 0.6678 0.899
dog 0.3856 0.9569 0.4679 0.9999 0.878
person 0.7636 0.6141 0.7833 0.7131 0.962
person 0.7113 0.6107 0.7411 0.7484 0.947
person 0.7271 0.6101 0.7426 0.6586 0.921
clock 0.702 0.2183 0.7863 0.3225 0.998
handbag 0.4586 0.7942 0.4798 0.8405 0.633
car 0.699 0.588 0.7213 0.6081 0.605
handbag 0.6942 0.6917 0.7099 0.7329 0.823
person 0.7224 0.6092 0.737 0.6534 0.841
car 0.713 0.5854 0.7376 0.6089 0.939
traffic light 0.7809 0.4908 0.8094 0.5251 0.969
handbag 0.7395 0.6386 0.7653 0.6939 0.571
handbag 0.6211 0.9075 0.7167 0.9993 0.591
person 0.7919 0.6202 0.8076 0.6844 0.681
handbag 0.7277 0.6628 0.744 0.7062 0.642
person 0.3428 0.6178 0.3756 0.7023 0.998
person 0.3217 0.6548 0.3488 0.7006 0.806
car 0.746 0.5728 0.765 0.5999 0.669
person 0.6349 0.5903 0.6447 0.6161 0.917
handbag 0.623 0.9066 0.6591 0.9775 0.547
car 0.7365 0.5787 0.7571 0.6052 0.759
person 0.7174 0.6117 0.7316 0.6561 0.712
clock 0.5822 0.5631 0.5935 0.5807 0.811
handbag 0.6425 0.9244 0.7228 0.9959 0.669
person 0.7487 0.603 0.7629 0.6355 0.768
person 0.7742 0.6109 0.7893 0.6674 0.881
