person 0.5362 0.5026 0.5539 0.5631 0.875
person 0.3778 0.4898 0.3921 0.5244 0.858
boat 0.83 0.5032 0.8884 0.5382 0.819
person 0.5496 0.5043 0.5674 0.5662 0.988
person 0.5197 0.5008 0.5386 0.5624 0.891
person 0.7339 0.5739 0.7644 0.6925 0.998
boat 0.4122 0.352 0.4995 0.5655 0.94
person 0.4927 0.5035 0.5138 0.5623 0.94
person 0.7648 0.5564 0.7888 0.6571 0.983
person 0.4559 0.5066 0.4725 0.575 0.995
person 0.8722 0.4896 0.8868 0.5306 0.957
boat 0.2845 0.4254 0.3236 0.4769 0.951
boat 0.133 0.4003 0.1761 0.5073 0.649
person 0.6459 0.5317 0.6826 0.6943 0.999
person -0.0 0.5783 0.0082 0.6844 0.593
person 0.7755 0.5249 0.8074 0.6787 0.996
boat 0.2855 0.4632 0.3254 0.4792 0.921
boat 0.9317 0.4382 0.9553 0.4695 0.772
dog 0.3128 0.6151 0.3671 0.6523 0.996
boat 0.3017 0.4169 0.3404 0.4744 0.701
boat 0.7323 0.3784 0.8027 0.5227 0.955
boat 0.562 0.4572 0.5872 0.4698 0.95
boat 0.4932 0.3971 0.5501 0.5256 0.925
boat -0.0 0.4614 0.0057 0.4922 0.671
boat 0.0812 0.4852 0.1828 0.5144 0.945
boat 0.4259 0.3578 0.5445 0.5635 0.937
boat 0.6933 0.4568 0.7168 0.4677 0.972
boat 0.7984 0.3761 0.8794 0.5314 0.918
boat 0.5569 0.4568 0.5839 0.4694 0.971
person 0.8935 0.489 0.9102 0.5322 0.983
boat 0.3263 0.3912 0.3949 0.5243 0.989
boat 0.7136 0.4594 0.7362 0.4736 0.648
person 0.5159 0.4972 0.5359 0.5595 0.952
person 0.5066 0.5032 0.5242 0.5609 0.726
boat 0.9178 0.4597 0.9535 0.4738 0.959
person 0.5251 0.5019 0.5432 0.562 0.853
boat 0.083 0.4052 0.183 0.5138 0.91
boat 0.7345 0.3745 0.8658 0.5278 0.949
