person 0.681 0.4924 0.6902 0.5256 0.827
handbag 0.8736 0.5005 0.8991 0.5627 0.597
person 0.9731 0.4838 0.9983 0.5898 0.923
person 0.6876 0.4925 0.6968 0.5258 0.846
person 0.6679 0.492 0.6781 0.5282 0.838
person 0.6187 0.4911 0.6296 0.5346 0.648
person 0.6189 0.4902 0.6298 0.534 0.604
person 0.8062 0.4875 0.824 0.5705 0.967
person 0.8569 0.481 0.8761 0.518 0.556
person 0.8112 0.4867 0.8283 0.5756 0.723
person 0.7131 0.4942 0.7216 0.5252 0.691
person 0.8553 0.4757 0.8911 0.5951 0.986
person 0.8183 0.4777 0.8479 0.5939 0.833
person 0.7069 0.4938 0.7154 0.5256 0.747
person 0.6068 0.4901 0.618 0.5351 0.816
person 0.7677 0.4954 0.7814 0.5445 0.955
person 0.7568 0.4973 0.7668 0.5308 0.871
dog 0.8205 0.5819 0.8865 0.6541 0.981
person 0.6636 0.4957 0.6761 0.531 0.579
person 0.7622 0.4963 0.7726 0.5307 0.817
person 0.7836 0.4943 0.794 0.5301 0.574
person 0.7092 0.4936 0.7179 0.5258 0.743
person 0.6995 0.4928 0.7084 0.5256 0.863
person 0.6538 0.4917 0.6639 0.5302 0.587
person 0.6255 0.4907 0.6367 0.5344 0.756
person 0.6794 0.4958 0.6905 0.529 0.523
person 0.744 0.4978 0.7539 0.5289 0.79
horse -0.0003 0.3962 0.5985 0.995 0.999
person 0.7453 0.4974 0.7551 0.5298 0.884
person 0.8124 0.4817 0.8278 0.5392 0.628
person 0.8193 0.4746 0.8557 0.6002 0.994
person 0.6898 0.4931 0.6989 0.5265 0.845
person 0.9648 0.4827 0.9937 0.5936 0.972
person 0.7976 0.4915 0.8097 0.5312 0.789
person 0.6764 0.492 0.6861 0.5271 0.836
person 0.746 0.4971 0.7559 0.5294 0.86
person 0.7848 0.494 0.7963 0.5316 0.823
person 0.9478 0.4884 0.9662 0.5378 0.939
person 0.7063 0.4931 0.715 0.5249 0.819
person 0.6621 0.4915 0.6726 0.5287 0.776
person 0.6031 0.4907 0.6137 0.5346 0.751
person 0.7997 0.4837 0.8155 0.5529 0.619
