bench 0.7485 0.6881 0.9991 0.7022 0.514
bench 0.6845 0.6899 0.9987 0.7061 0.555
person 0.7586 0.7555 0.8146 0.8201 0.78
bench 0.6756 0.6894 0.9975 0.7034 0.592
bench 0.686 0.6912 0.998 0.7054 0.659
bench 0.6197 0.6865 0.9974 0.7015 0.611
frisbee 0.684 0.3689 0.736 0.4168 0.999
dog 0.3964 0.3334 0.6286 0.5487 0.999
person 0.8661 0.5115 0.9077 0.5678 0.907
bench 0.6886 0.6867 0.9987 0.7019 0.505
bench 0.6324 0.7109 0.9975 0.727 0.687
bench 0.5993 0.7137 0.942 0.7286 0.566
bench 0.5986 0.726 0.9859 0.742 0.644
