person 0.4808 0.3029 0.562 0.421 0.943
person 0.3958 0.3108 0.4433 0.4088 0.925
person 0.0001 0.2366 0.1069 0.407 0.948
person 0.6854 0.3761 0.7346 0.4409 0.868
person 0.3002 0.3206 0.3711 0.4158 0.968
person 0.2563 0.2142 0.3308 0.3896 0.973
person 0.0544 0.1995 0.1067 0.3483 0.769
sheep 0.2803 0.5487 0.5005 0.8317 0.53
person 0.5334 0.3636 0.6346 0.6291 0.846
sheep 0.0736 0.5383 0.2442 0.839 0.99
person 0.751 0.3381 0.8232 0.4486 0.966
sheep 0.0742 0.5251 0.3085 0.8402 0.64
person 0.6727 0.3432 0.7305 0.435 0.73
sheep 0.1951 0.5112 0.3155 0.8384 0.989
person 0.2126 0.2047 0.2677 0.3322 0.93
person 0.5993 0.2202 0.6752 0.3803 0.922
person 0.4998 0.2017 0.5883 0.4061 0.988
person -0.0 0.1858 0.0305 0.3457 0.647
person 0.3494 0.2654 0.4074 0.3987 0.969
person 0.1109 0.2395 0.157 0.3658 0.68
sheep 0.1099 0.5591 0.1969 0.6115 0.698
person 0.6052 0.3079 0.6731 0.4364 0.976
cell phone 0.4595 0.2461 0.476 0.2655 0.614
sheep 0.2403 0.5344 0.5087 0.8463 0.999
handbag 0.5993 0.2789 0.6289 0.3612 0.79
dog 0.4525 0.6535 0.535 0.7875 0.993
person -0.0 0.3363 0.0862 0.6181 0.592
sheep 0.1077 0.5562 0.2291 0.8353 0.655
person 0.4291 0.2384 0.5094 0.3839 0.954
person -0.0 0.3338 0.0799 0.4969 0.579
person 0.7964 0.2677 0.8808 0.4431 0.946
person 0.3715 0.2239 0.4254 0.3346 0.801
person 0.121 0.1789 0.2703 0.5801 0.998
person 0.6723 0.2281 0.7697 0.438 0.98
