1 0.2827885662074705 0.5591089261814064 0.2981693645624575 0.5899953670338721
1 0.2641118824907005 0.5267517024312041 0.2888843558454705 0.5492186617952232
1 0.5343744821569005 0.7282489594210998 0.5585443081433088 0.7503107028871469
1 0.5380911155368926 0.8033995877673005 0.5551174151699888 0.8195220787064321
1 0.5513799347627237 0.9237623218473697 0.5688215099966273 0.9382169688962463
1 0.6431386990957372 0.8517670605846954 0.6676571029887475 0.8634419678164804
1 0.5717278495904404 0.7429567883984645 0.5933227704442539 0.7555880629133238
1 0.6288565291946778 0.7253073936256269 0.6531224569604945 0.7400215199376105
1 0.6506308033556512 0.7872770968281689 0.666826551787133 0.7983960560965355
1 0.5343536351296274 0.796172264242862 0.5509646591619166 0.8061793275843921
1 0.593738046045061 0.7478047914254671 0.6132559992830007 0.7544761669864872
1 0.6020435580612056 0.8117388072185755 0.622807338101567 0.8195220787064321
1 0.579203400016808 0.8128507031454122 0.5970602508515188 0.8189661307430139
1 0.5758811952103502 0.8067352755478104 0.5983060776539405 0.8134066511088304
1 0.5750506440087358 0.7978401081331171 0.5970602508515188 0.8039555357307189
1 0.5742200928071213 0.7883889927550054 0.5962296996499044 0.7983960560965355
1 0.5742200928071213 0.7667070221816905 0.597475526452326 0.7800497733037305
1 0.5704826123998563 0.7600356466206705 0.5966449752507116 0.7717105538524555
1 0.5692367855974345 0.7511404792059772 0.5933227704442539 0.7611475425475072
1 0.593738046045061 0.7544761669864872 0.6165782040894585 0.7622594384743437
1 0.5941533216458682 0.7617034905109255 0.6165782040894585 0.7700427099622005
1 0.5953991484482899 0.7705986579256188 0.6178240308918802 0.7767140855232204
1 0.5945685972466754 0.7756021895963838 0.617408755291073 0.7850533049744954
1 0.5929074948434466 0.7839414090476589 0.6207309600975308 0.7917246805355156
1 0.5941533216458682 0.7900568366452605 0.6165782040894585 0.7972841601696989
1 0.5958144240490971 0.7983960560965355 0.6207309600975308 0.8050674316575556
1 0.6539530081621089 0.7933925244257706 0.6697334809927835 0.8084031194380654
1 0.646893322948386 0.8573265402188788 0.6701487565935909 0.8740049791214288
1 0.6655807249847113 0.964068549195199 0.688836158629916 0.9807469880977487
1 0.6348503305249765 0.7344620403034271 0.6543682837629162 0.7489166873523039
1 0.6385878109322416 0.7416893638278655 0.6543682837629162 0.7572559068035788
1 0.6402489133354704 0.7516964271693954 0.6572752129685667 0.7722665018158738
1 0.6435711181419282 0.7605915945840889 0.6601821421742174 0.7761581375598021
1 0.6464780473475789 0.7667070221816905 0.663089071379868 0.7839414090476589
1 0.5484730055570731 0.934325333152318 0.5654993051901696 0.9460002403841031
1 0.5488882811578804 0.9487799802011946 0.5671604075933984 0.9593429915061429
1 0.5505493835611094 0.957675147615888 0.5659145807909768 0.9687941068842547
1 0.5505493835611094 0.9671262629939997 0.5654993051901696 0.9765773783721116
1 0.5468119031538443 0.9732416905916015 0.5650840295893623 0.9865844417136415