1 0.9004771711758977 0.8883178592342094 0.9162961038973091 0.8999654900534868
1 0.9036409577201802 0.9200841251049657 0.9218327303498032 0.9317317559242431
1 0.7636434031356892 0.966674648382075 0.7810442291292417 0.9751456526142768
1 0.7620615098635481 0.9327906314532683 0.7826261224013829 0.9454971378015707
1 0.6853396861647029 0.8883178592342094 0.7059042987025376 0.8978477389954362
1 0.6861306328007734 0.9211430006339908 0.7035314587943259 0.9306728803952178
1 0.5398489811869114 0.9223211751849163 0.5587882243934116 0.9338495069822934
1 0.46466557470101383 0.8893767347632346 0.48219421330784973 0.9007309630133306
1 0.7146047116993139 0.8872589837051842 0.7351693242371486 0.8989066145244615
1 0.2908440922224244 0.9297610182855225 0.29849614164385435 0.9468345845450984
1 0.424329843240702 0.9358150577921575 0.43986029283721007 0.9434198712931833
1 0.4592129421952168 0.9358150577921575 0.4642905457748359 0.9536640110489286