1 0.17771644121674757 0.04859127737344002 0.18872985447525026 0.066613226341899
1 0.06107438261533297 0.052596154921986556 0.07659328311595036 0.06908267270668166
1 0.21234428086070217 0.046588838599166835 0.22527436210573634 0.0668176670441676
1 0.26382130851049573 0.04809066767987186 0.27802944507361266 0.06568516421291057
1 0.2927519818799547 0.04909188706700836 0.30687374215736973 0.0668176670441676
1 0.3499261758042438 0.04909188706700836 0.3664462956919978 0.0668176670441676
1 0.3788221970554927 0.04869762174405423 0.39127972819932055 0.06908267270668166
1 0.528312570781427 0.06115515288788209 0.541902604756512 0.07701019252548122
1 0.5621846858772043 0.05810286155123776 0.5781426953567385 0.07701019252548122
1 0.644284675622406 0.05459859369625974 0.6593029664294551 0.07474518686296716
1 0.733643505924348 0.047590057986303516 0.7441563094892825 0.06360956818048914
1 0.7536806342015856 0.03707725442136909 0.7746935007969489 0.0475651189127972
1 0.8467812966707846 0.047089448292735175 0.8658044650263801 0.06160712940621597
1 0.8329558323895812 0.09214432071388239 0.8497849548321945 0.10716261152093151
1 0.8148357870894678 0.13319431558648323 0.8237532507666425 0.15171687424851055
1 0.7812014268133369 0.14721138700639586 0.794717888539681 0.16823699413626453
1 0.7865232163080409 0.10015407581097528 0.7992233757817959 0.12268151202154898
1 0.6766704416761042 0.24132600939723672 0.6975996079874303 0.25634430020428584
1 0.5894677236693091 0.24082539970366848 0.6149990085486602 0.2559456398640996
1 0.5714459652082179 0.24983637418789786 0.5844618172409938 0.2673577134627885
1 0.5011325028312571 0.23895809739524349 0.5215175537938845 0.25481313703284253
1 0.398074745186863 0.24332844817151 0.41375391173420245 0.2672706681766704
1 0.8645346282206586 0.2559701639470132 0.8792571650270006 0.2718252035846124
1 0.8768178782848827 0.24533088694578317 0.89534043694691 0.25534308081714924
1 0.0 0.24933576449432962 0.017521339274890604 0.26535527468851533
1 0.07609267342238206 0.236820522155122 0.0981194999393874 0.2478339354136247
1 0.13916949481198826 0.07912846868110661 0.15068351776405922 0.09765102734313377
1 0.18672741570097703 0.05009310645414504 0.1967396095723431 0.06861566511617219
1 0.4775816476641611 0.0180540860657736 0.49960847418116644 0.02906749932427619
1 0.7411526513278727 0.05109432584128154 0.7531672839735118 0.07011749419687703
1 0.9489056741587184 0.2588473486721274 0.9614209164979259 0.2773699073341546
1 0.634522786597824 0.25183881296217103 0.6470380289370317 0.2673577134627884
1 0.5829599881602889 0.25384125173644434 0.5899685238702451 0.271362591011335
1 0.22126948455718995 0.21028820839600204 0.24379692076776358 0.22130162165450465