1 0.2410406849582201 0.3252544454413083 0.2652105109446282 0.342903840214146
1 0.2970707361085298 0.3370207086232001 0.32783233281850377 0.3517285376005648
1 0.5354731106108283 0.3281960112367813 0.5541497943275981 0.342903840214146
1 0.6760975527135664 0.3458454060096189 0.6980701217921195 0.3634948007824565
1 0.7595933152120672 0.3281960112367813 0.7826645127445477 0.3443746231118824
1 0.8266096509016534 0.3529976205113681 0.8524169646945066 0.3664363665779294
1 0.8432700181781083 0.33996227441867305 0.8639630183351934 0.3523531244507174
1 0.8692666030141878 0.3310847544492424 0.8880419142846895 0.34526366778355905
1 0.9010402067027292 0.3510641323294159 0.9254862117551413 0.3634948007824565
1 0.9525519581371831 0.2563232114137543 0.9660316687929279 0.28081406171848317
1 0.4124267237709323 0.9781587993426045 0.4263618243254268 0.9955601929801748
1 0.6574208689967965 0.9547495256725155 0.68378795189106 0.9738697033430893
1 0.13227646801938345 0.9723989204453528 0.1476206646941305 0.9968491851014765
1 0.3443117596274185 0.9839592638884612 0.3580004345712919 0.998138177222778
1 0.9641059958421072 0.22925437686642244 0.991065417153597 0.25245623504984976
1 0.8750436218666497 0.9704248466147954 0.8904490054732156 0.982025775706509
1 0.11007004215312684 0.9775143032819539 0.11921698866952515 0.9968491851014765