1 0.7052395448618015 0.505967427338492 0.7222658444948977 0.5226458662410419
1 0.8767483679951864 0.4197954930086503 0.8966815968339334 0.4348060880209452
1 0.7995071062450421 0.6421746783759836 0.8161181302773314 0.6621888050590437
1 0.8418652175273793 0.6799791398884305 0.8572304147572469 0.6938778389738887
1 0.9020801796444273 0.450928578960077 0.9199370304791381 0.46371538211869867
1 0.9282425424952827 0.4164598052281402 0.9448535665275718 0.42591092060625196
1 0.897927423636355 0.2502313641660585 0.9120467940638008 0.2663538551051902
1 0.505076705272718 0.20742337098284683 0.5176651574575813 0.22852358552583527
1 0.5694444233978382 0.3792112916791119 0.5839790694260911 0.3942218866914069
1 0.7932779722329337 0.12458712443351512 0.8107195474668372 0.13459418777504514
1 0.9855505754066801 0.34474251794717525 0.9996699458341258 0.3619769048131436