1 0.8306814548975612 0.6952968101968925 0.855667539954383 0.7105425570112245
1 0.511367757730719 0.8185332636127427 0.5215315889402736 0.8312380526246861
1 0.5249150622876557 0.8469072924060829 0.5325424060839579 0.8618346545866366
1 0.7055349167372802 0.5914615595705753 0.7213899563748792 0.6073165992081744
1 0.7332955832389582 0.5771422723858195 0.7523352559905775 0.5889014722536806
1 0.77519818799547 0.5568146099667103 0.7900261300593426 0.5682489200774592
1 0.8073893417089985 0.5436863279877021 0.8264465252269135 0.5551206380984511
1 0.8344928916011443 0.534369482712277 0.8527030891849298 0.5470742717242203
1 0.8586319907238366 0.5301345530416292 0.8793831461100107 0.5398748912841191
1 0.8823475968794642 0.5263231163380462 0.9001343014961848 0.5373339334817304
1 0.9475655138074398 0.48245577087276836 0.9657537453010399 0.49583162270938225
1 0.9666226973253549 0.4759274532573377 0.9835624160079459 0.4873617633680867
1 0.600724773781387 0.7143539937148075 0.6117355909250712 0.7312937123973986
1 0.513061729598978 0.8337790104270747 0.5261900115779862 0.8486012642743419
1 0.5215315889402736 0.8155688128432894 0.5304249412486339 0.8320850385588158
1 0.5325424060839579 0.8447898275707589 0.5435532232276421 0.8613060532862853
1 0.660013789170456 0.5991639066731881 0.6727185781823992 0.612292188652196
1 0.7104094522511644 0.5631670044726819 0.7252317060984317 0.5750248075504957
1 0.6947402124697677 0.5733308356822365 0.7082919874158405 0.5860356246941799
1 0.673142071149464 0.5856121317271151 0.6896582968649903 0.5995873996402528
1 0.7540292278588365 0.564860976340941 0.7713924395084925 0.5775657653528844
1 0.7925670878617312 0.5530031732631273 0.8014604401700917 0.5623200185385524
1 0.9018282733644439 0.5208177077662042 0.9238499076518124 0.5330990038110828
1 0.9344372318284317 0.5127713413919733 0.949259485675699 0.5258996233709815