1 0.30773150903630475 0.7832463349158453 0.32534012399478546 0.81930207030702
1 0.6917670162260258 0.5446915275021431 0.7026675873907995 0.5597846260379836
1 0.3459796149490374 0.5065395284254349 0.3660076394941336 0.5220838052095129
1 0.3144395528300117 0.5023470010543681 0.32534012399478546 0.5220518796983822
1 0.4972337462085251 0.20719307413126392 0.5173578775896459 0.22060916171867767
1 0.5102305810588323 0.18958445917278316 0.5274199432802062 0.20677382139415718
1 0.5412552836047267 0.20838052095130233 0.5601216567745275 0.21851289803314428
1 0.7751983109102555 0.24660283141929198 0.786518134812136 0.26295368816645254
1 0.7944839368171629 0.23989478762558503 0.8116732990385369 0.2533108752129989
1 0.7185991914008534 0.12797281993204987 0.7287655719139299 0.14472441630236815
1 0.3463027608501196 0.12166551576150071 0.3580418374891067 0.13717786703444798
1 0.0779810091018429 0.1493361964105417 0.09055859121504338 0.1694603277916625
1 0.014156285390713478 0.25414938068721227 0.028089933386147715 0.26630771006330606
1 0.07881951457605627 0.45035966165313956 0.09265485490057679 0.4662912656631935
1 0.3765571913929785 0.90902215604785 0.38780878182368106 0.9320498301245754
1 0.1983065446514607 0.4386205850141524 0.2192691815067948 0.4478441452304994
1 0.19998355559988742 0.42730076111227205 0.2196884342439015 0.436524321328619
1 0.26706399353695665 0.3379999281085487 0.2909613995520375 0.34931975201042914
1 0.32659788220610547 0.5036047592656882 0.3345636842111325 0.5199556160128488
1 0.39493607835449474 0.633153855031653 0.40709440773058847 0.6520202282014538
1 0.42889555006013597 0.6188992619700258 0.44608491228150987 0.6536972391498804
1 0.10607094248799062 0.6729828650567878 0.11906777733829775 0.6931069964379085
1 0.051987339401228606 0.23318674383187815 0.06288791056600233 0.24786058963061203
1 0.08594681110686986 0.2369600184658383 0.10313617332824383 0.2554071388985323
1 0.10229766785403047 0.23863702941426498 0.11068272259616412 0.25498788616142565
1 0.32995190410295894 0.15269021830739524 0.35049528822118636 0.16317153673506218
1 0.36265361759728015 0.1246002849212475 0.37439269423626725 0.14178964714262135
1 0.6251058310260633 0.2600189190067058 0.6494224897782509 0.27217724838279955
1 0.6557112808348511 0.26882322648594614 0.6712236321077983 0.30404045640290744
1 0.674158401267545 0.4256237501638453 0.6850589724323188 0.44281311238521925
1 0.9466726803868885 0.37950594908211027 0.9567347460774489 0.3987915749890176
1 0.2637099716401031 0.5094742975851817 0.28048008112437045 0.5212133742241688