chair 0.2656 0.2858 0.5479 0.6556 0.728
mouse 0.5255 0.5093 0.5685 0.5448 0.584
person 0.3116 0.1303 0.5873 0.8498 0.993
laptop 0.0648 0.5223 0.3683 0.9096 0.973
chair 0.001 0.0067 0.2252 0.3533 0.968
chair 0.6997 0.1805 0.8692 0.4611 0.983
chair 0.2433 0.2883 0.4097 0.7522 0.928
laptop 0.0709 0.4739 0.3801 0.9168 0.904
laptop 0.5904 0.4182 0.898 0.8261 0.702
chair 0.2581 0.2929 0.4675 0.6946 0.693
laptop 0.5912 0.4111 0.9071 0.6925 0.841
mouse 0.5006 0.7248 0.5468 0.7808 0.98
keyboard 0.1416 0.6829 0.3358 0.8569 0.888
chair -0.0 0.3935 0.0554 0.8123 0.974
laptop 0.586 0.4125 0.9031 0.7949 0.904
keyboard 0.4565 0.5531 0.614 0.6702 0.783
chair 0.1018 0.0119 0.2412 0.2941 0.631
laptop 0.4591 0.442 0.8192 0.687 0.894
chair 0.8915 0.0024 0.9998 0.2886 0.613
chair 0.2546 0.2884 0.3736 0.6689 0.913
mouse 0.1104 0.7752 0.1906 0.8628 0.505
chair 0.2581 0.2916 0.5545 0.7913 0.685
chair 0.8177 0.0033 0.9995 0.3818 0.974
mouse 0.4964 0.7154 0.5475 0.7808 0.805
tv 0.5794 0.0011 0.8007 0.1471 0.509
