person 0.5722 0.6383 0.5869 0.6862 0.871
person 0.723 0.6235 0.738 0.6783 0.683
person 0.8702 0.5868 0.8841 0.625 0.655
kite 0.3264 0.2006 0.8332 0.4306 0.902
person 0.4806 0.6401 0.5005 0.6996 0.908
car 0.6787 0.6104 0.7149 0.6365 0.696
person 0.8801 0.587 0.8931 0.6213 0.654
car 0.9275 0.578 0.9637 0.6017 0.854
person 0.6517 0.6446 0.6691 0.6916 0.903
car 0.4082 0.6329 0.4641 0.6632 0.965
car 0.1971 0.6441 0.2542 0.692 0.509
person 0.4631 0.6405 0.4831 0.6967 0.775
person 0.0853 0.6798 0.1026 0.7166 0.892
car 0.4148 0.6305 0.4678 0.6594 0.712
car 0.9562 0.5723 0.9974 0.5959 0.742
person 0.6302 0.6415 0.6433 0.6868 0.879
person 0.5438 0.6654 0.5624 0.6952 0.848
person 0.4448 0.6437 0.4656 0.6958 0.876
person 0.6384 0.6446 0.6506 0.689 0.71
car 0.7769 0.5957 0.806 0.6183 0.812
person 0.1251 0.6457 0.1473 0.7196 0.931
person 0.6766 0.6296 0.6938 0.6893 0.503
person 0.6883 0.6372 0.7052 0.6911 0.937
person 0.975 0.6599 0.9888 0.6917 0.873
person 0.5779 0.6494 0.5921 0.6851 0.608
person 0.5131 0.6429 0.5322 0.6937 0.809
car 0.9182 0.5777 0.9519 0.6001 0.626
skateboard 0.3369 0.2073 0.4441 0.4029 0.516
car 0.8299 0.5899 0.8676 0.614 0.829
person 0.9766 0.6576 0.9898 0.6914 0.745
car 0.7957 0.5952 0.832 0.6204 0.746
car 0.3542 0.6363 0.399 0.6674 0.757
person 0.6556 0.6463 0.6743 0.6905 0.723
person 0.8031 0.6118 0.8176 0.6538 0.966
person 0.4953 0.6354 0.5154 0.6952 0.799
person 0.2418 0.6451 0.2558 0.6904 0.793
person 0.4861 0.6351 0.5057 0.695 0.841
person 0.5622 0.6366 0.5769 0.6898 0.594
car 0.7359 0.6033 0.7712 0.6246 0.783
car 0.7111 0.6093 0.7412 0.6304 0.652
person 0.6932 0.6424 0.7092 0.69 0.866
