chair 0.1934 0.5208 0.3232 0.6143 0.926
umbrella 0.246 0.3163 0.5382 0.4925 0.892
umbrella 0.3039 0.3218 0.544 0.4459 0.936
chair 0.6767 0.5225 0.8158 0.6483 0.936
chair 0.4013 0.4723 0.4386 0.5353 0.936
chair 0.797 0.5134 0.9112 0.6414 0.524
person 0.2813 0.5047 0.3668 0.5772 0.85
person 0.4243 0.5073 0.5284 0.7207 0.966
umbrella 0.7406 0.3318 0.9705 0.592 0.909
person 0.6076 0.5599 0.7131 0.6007 0.665
umbrella 0.0957 0.3334 0.2933 0.4316 0.927
umbrella 0.0883 0.3285 0.2902 0.5466 0.952
person 0.6946 0.53 0.7606 0.5732 0.834
person 0.5093 0.4914 0.5813 0.6402 0.723
chair 0.5803 0.5714 0.6983 0.6801 0.698
chair 0.4003 0.4801 0.4615 0.7013 0.979
person 0.3478 0.4105 0.4866 0.6834 0.605
chair 0.3547 0.507 0.4403 0.6313 0.701
umbrella 0.5263 0.3426 0.8028 0.4299 0.942
bird 0.0151 0.7489 0.0692 0.7927 0.992
chair 0.385 0.4748 0.4417 0.5836 0.818
umbrella 0.5341 0.3315 0.784 0.657 0.862
chair 0.5198 0.5351 0.6064 0.716 0.894
chair 0.1856 0.5387 0.2661 0.6096 0.515
chair 0.6321 0.5646 0.7305 0.6469 0.542
chair 0.5962 0.5311 0.7889 0.6732 0.667
chair 0.5256 0.5404 0.6007 0.7158 0.97
person 0.2951 0.507 0.3543 0.5602 0.527
umbrella 0.2739 0.3244 0.5256 0.4561 0.602
person 0.4598 0.5048 0.544 0.7005 0.528
chair 0.8259 0.4842 0.9632 0.6527 0.978
umbrella 0.2183 0.3323 0.4232 0.4841 0.631
umbrella 0.2201 0.34 0.4491 0.4731 0.601
chair 0.7411 0.5071 0.8504 0.6474 0.872
umbrella 0.0963 0.3356 0.2417 0.4146 0.795
chair 0.5836 0.5927 0.6847 0.7141 0.919
umbrella 0.7452 0.337 0.9697 0.4536 0.939
person 0.3471 0.4086 0.4241 0.6244 0.975
umbrella 0.524 0.3377 0.7816 0.6915 0.646
person 0.2563 0.5068 0.3144 0.5599 0.548
chair 0.2262 0.5185 0.3737 0.6184 0.95
chair 0.6844 0.5355 0.7796 0.5941 0.725
person 0.6062 0.5266 0.776 0.582 0.862
