1 0.15770043006310097 0.7508393272986779 0.17638666006234976 0.7643962684044471 1.0
1 0.6351187368539664 0.6546175443209135 0.6432756159855769 0.672768319936899 1.0
1 0.30912804236778846 0.654886239858774 0.3181000225360577 0.669933096078726 1.0
1 0.9691199669471153 0.05362895085261418 0.9821461838942308 0.07260553213266226 1.0
1 0.6667333045372597 0.8365264423076924 0.6792154634915866 0.8543556565504807 1.0
1 0.8715977125901442 0.3243537081204928 0.8813198617788461 0.3400982666015625 1.0
1 0.5323822960486779 0.6529558387169471 0.5442481407752404 0.6718364539513221 1.0
1 0.8203012319711539 0.015552884615384616 0.8308271672175481 0.034135953463040866 1.0
1 0.4191519399789663 0.8948248760516827 0.43030184232271634 0.9121512545072116 1.0
1 0.2786857252854567 0.1826416954627404 0.2914580829326923 0.20159501295823318 1.0
1 0.6561772273137019 0.653271719125601 0.6650029109074519 0.669448476938101 1.0
1 0.7957999361478365 0.8277678973858174 0.8157254732572116 0.8401090181790866 1.0
1 0.5402805739182692 0.19980461707481972 0.5522687237079327 0.21584874079777644 1.0
1 0.6788016451322115 0.6535627629206731 0.6903199181189904 0.6712223933293269 1.0
1 0.8293620417668269 0.3161624380258413 0.8413677509014423 0.33550823505108174 1.0
1 0.09977931096003606 0.5808631310096154 0.11740796602689303 0.591717529296875 1.0
1 0.8615598707932692 0.025884927602914665 0.8751438551682692 0.04611302008995643 1.0
1 0.9046295635516827 0.3018719482421875 0.9153525954026442 0.3205249492938702 1.0
1 0.5857358961838942 0.6563123967097356 0.5956056565504808 0.6708642578125 1.0
1 0.43346717247596156 0.6540802001953125 0.44224233774038463 0.670472412109375 1.0
1 0.6970353816105769 0.752550283578726 0.7147882080078125 0.7661577430138221 1.0
1 0.9278883713942307 0.7594105412409856 0.9451385967548077 0.7734506460336539 1.0
1 0.8289511343149039 0.5238569054236779 0.8496831805889423 0.5370680588942308 1.0
1 0.1011447026179387 0.619532235952524 0.1196094219501202 0.6295384803185096 1.0
1 0.09989589984600361 0.6031502591646635 0.11868192232572115 0.6158871694711539 1.0
1 0.4592467322716346 0.6557763671875 0.46781395545372595 0.6717536808894231 1.0
1 0.8319046724759616 0.6569630314753606 0.8428348482572116 0.6744233586237981 1.0
1 0.8099762432391827 0.4903744741586539 0.8227706204927885 0.5038460129957932 1.0
1 0.1067621319110577 0.490299307016226 0.12041642409104568 0.50083740234375 1.0
1 0.33171168400691103 0.721172109750601 0.35013415996844954 0.732600332406851 1.0
1 0.2817768742487981 0.7826921668419471 0.299958989070012 0.7951450758713943 1.0
1 0.5547927621694712 0.97868896484375 0.5706757061298077 0.9946921950120192 1.0
1 0.3363955218975361 0.6543131197415866 0.3458638352614183 0.6725469031700722 0.9999998807907104
1 0.14217134915865384 0.24254307673527645 0.1580582251915565 0.25903111384465144 0.9999998807907104
1 0.6116287466195913 0.6537944617638222 0.6200831956129808 0.6708328951322116 0.9999996423721313
1 0.15009034376878005 0.2854185603215144 0.1668048330453726 0.2997015615609976 0.9999995231628418
1 0.5169500732421874 0.6545356633112981 0.5251805232121394 0.6707846304086539 0.9999995231628418
1 0.10674024141751803 0.4968244347205529 0.12347784189077524 0.5078440035306491 0.9999995231628418
1 0.13299127432016225 0.24227196326622596 0.1490807401216947 0.26219080998347355 0.9999992847442627
1 0.9592548076923076 0.6581759878305289 0.9793461726262019 0.6714640925480769 0.999997615814209
1 0.8408848219651442 0.6568206787109375 0.8498084435096154 0.67328125 0.9999959468841553
1 0.6648685396634615 0.6536581655649039 0.6730988487830529 0.6693333552433894 0.9999954700469971
1 0.0985510488656851 0.593142559344952 0.11823168241060697 0.6012124399038462 0.9999935626983643
1 0.9867044771634615 0.06204527047964243 0.9970387620192308 0.07866783142089843 0.9999459981918335
1 0.7636644568810096 0.294224125788762 0.7752153602013221 0.31173492431640626 0.9997377991676331
1 0.6768157019981971 0.23368067814753607 0.6870250525841346 0.251299321101262 0.9986563920974731
1 0.5653490271935097 0.7810863318810096 0.5858458533653846 0.7946535081129807 0.9979731440544128
1 0.29022216796875 0.1837115478515625 0.2994415752704327 0.19979163536658653 0.9939238429069519
1 0.9249954927884615 0.6587818321814903 0.9335355318509615 0.6730939659705529 0.9930636286735535
1 0.9395520958533654 0.6612331449068509 0.9512774188701923 0.673552011343149 0.9798389673233032
1 0.9729732572115385 0.8472357647235577 0.9878690279447115 0.864413592998798 0.9687997102737427
1 0.4506165489783654 0.6551386437049279 0.4567680945763221 0.6719804969200721 0.9650253057479858
1 0.6871595646784856 0.23790543776292067 0.6950746037409856 0.2555120614858774 0.9640486836433411
1 0.6975017371544471 0.7844910606971154 0.7097652493990385 0.7999547400841346 0.9338085055351257
1 0.2532574932391827 0.6280400672325721 0.26166473388671874 0.6404206261268028 0.779901921749115
1 0.10078899676983173 0.5063939021183894 0.12054027850811298 0.5178792630709135 0.6910752654075623
1 0.9286211688701923 0.9774330491286057 0.9437651179387019 0.993299091045673 0.6126529574394226
1 0.9811072716346154 0.7842003455528846 0.9961034217247596 0.8010787259615385 0.11452016979455948