1 0.02791734548715445 0.5357698880709134 0.051015783456655646 0.5599915959284856 1.0
1 0.38903038611778845 0.06421499399038462 0.40633676382211537 0.0777734844501202 1.0
1 0.04371487544133113 0.22493574876051683 0.06153471139761118 0.24236607478215144 1.0
1 0.5378379469651442 0.4074860088641827 0.5505242450420673 0.4288437124399038 1.0
1 0.20688485952524038 0.07632428095890925 0.22833536001352164 0.09720216017503004 1.0
1 0.30344573974609373 0.018903518089881312 0.31799736609825724 0.03612332270695613 1.0
1 0.3774119919996995 0.07531703655536358 0.3973652062049279 0.09090067936823919 1.0
1 0.5144186166616587 0.34395789513221153 0.5302956918569711 0.3593238713191106 1.0
1 0.190552485539363 0.3517829777644231 0.20925037090594953 0.36591522216796873 1.0
1 0.5633661827674279 0.43644132173978367 0.5836178823617788 0.45534038837139423 1.0
1 0.15093097393329327 0.34523972731370195 0.1673584219125601 0.3611930964543269 1.0
1 0.18483516986553486 0.14743323692908653 0.2065416776216947 0.16909683227539063 1.0
1 0.30629518949068507 0.320551030085637 0.3249390822190505 0.3316968242938702 1.0
1 0.17583389282226564 0.1285425508939303 0.1922587585449219 0.14739652193509614 1.0
1 0.08853993342472957 0.17807349571814904 0.10305905855618991 0.19901458740234376 1.0
1 0.15981896033653847 0.3496680157001202 0.17656262911283052 0.3651641376201923 1.0
1 0.1027865717961238 0.3468561260516827 0.1215295644906851 0.3660351092998798 1.0
1 0.0692724609375 0.17810586782602164 0.0873240485558143 0.20037447415865384 1.0
1 0.5467690805288462 0.45357797475961537 0.5672115854116586 0.4738850754957933 1.0
1 0.32706273005558895 0.3316690063476562 0.34480372502253603 0.3413273737980769 1.0
1 0.26955895057091345 0.005789484977722168 0.2892889404296875 0.019695904071514423 1.0
1 0.023578995924729566 0.2638812725360577 0.035685926584097055 0.2806024639423077 1.0
1 0.3358829439603365 0.3368610323392428 0.3546064640925481 0.34985243577223557 1.0
1 0.006020401074336126 0.28163334773137016 0.022413872938889724 0.29967717097355767 1.0
1 0.19698688213641827 0.3421723820612981 0.21106853778545673 0.3550330294095553 1.0
1 0.39775968111478366 0.05871397752028245 0.41194406362680286 0.07142047588641827 1.0
1 0.045297440748948314 0.248353764460637 0.05871598463792067 0.2613995361328125 1.0
1 0.31388103778545673 0.3105854679987981 0.34325298602764426 0.3288817889873798 1.0
1 0.081558837890625 0.0021192116003770096 0.09962358914888822 0.012747399256779597 1.0
1 0.29690709040715146 0.010245667971097506 0.3091865422175481 0.026621918311485877 1.0
1 0.3590213482196514 0.2522501079852764 0.3731705885667067 0.26535935621995194 0.9999998807907104
1 0.021529593834510218 0.25425633357121397 0.03716738774226262 0.2679778348482572 0.9999998807907104
1 0.02889362335205078 0.2057567420372596 0.054256527240459734 0.23124044565054086 0.9999998807907104
1 0.09720953721266526 0.3565428278996394 0.11658183171198919 0.3725255643404447 0.9999990463256836
1 0.6988004244290865 0.32718426044170673 0.7385793363131009 0.36484356219951924 0.9999978542327881
1 0.3658135282076322 0.2436938007061298 0.3826471651517428 0.2576869084284856 0.9999790191650391
1 0.06519831143892728 0.354930912898137 0.08953594501201922 0.38318645770733173 0.9999277591705322
1 0.7275572321965145 0.34233424260066103 0.7581382868840144 0.3749304668719952 0.999869704246521
1 0.773280264047476 0.3265756695087139 0.7901277982271635 0.34453099177433893 0.9997219443321228
1 0.20712576059194712 0.3239206402118389 0.22376840444711538 0.33757617657001204 0.9750756621360779
1 0.5893457970252404 0.11452669583834135 0.6079611440805288 0.1325591806265024 0.8625237345695496
1 0.38500847449669473 0.09486665578988882 0.4005457951472356 0.11200788057767427 0.7246471643447876
1 0.6987957763671875 0.08864696796123799 0.7177391169621394 0.1072628432053786 0.5836442708969116
1 0.8345790452223558 0.05060894305889423 0.8536237980769231 0.06766615060659556 0.15811079740524292
1 0.9344150015024039 0.11571605975811299 0.9531406813401442 0.13768709622896635 0.12233347445726395
1 0.7544923283503606 0.3261798565204327 0.7674374624399039 0.3442535869891827 0.10619630664587021
1 0.9431076284555289 0.3045489971454327 0.9628049879807692 0.32097724327674276 0.10255670547485352
1 0.39246474045973556 0.06135364239032452 0.40863548865685095 0.07439812880295973 0.06947200000286102
1 0.35689239501953124 0.04007057189941406 0.37568580040564903 0.0534869384765625 0.059432677924633026