laptop 0.07 0.4624 0.3557 0.9515 0.569
chair 0.2498 0.2822 0.4887 0.6538 0.819
mouse 0.486 0.7036 0.546 0.7807 0.996
chair 0.0214 0.0032 0.2033 0.3462 0.996
laptop 0.5939 0.4124 0.8718 0.8373 0.602
laptop 0.5853 0.4098 0.8826 0.6944 0.997
chair 0.6905 0.1873 0.8492 0.4653 0.901
chair 0.8203 0.0038 0.9997 0.3974 0.968
chair 0.247 0.2886 0.4144 0.813 0.932
chair -0.0001 0.3936 0.0548 0.808 0.983
chair 0.2499 0.2892 0.354 0.6518 0.9
laptop 0.0689 0.4663 0.3581 0.8716 0.993
keyboard 0.1512 0.6829 0.3279 0.8573 0.831
person 0.3033 0.129 0.5885 0.7891 0.999
keyboard 0.6517 0.5236 0.7535 0.6716 0.635
keyboard 0.469 0.559 0.6049 0.678 0.987
chair 0.6954 0.1865 0.9434 0.4535 0.976
