chair 0.1948 0.5123 0.3667 0.6152 0.518
umbrella 0.2112 0.3285 0.5375 0.4767 0.967
chair 0.1738 0.5242 0.2965 0.6133 0.801
umbrella 0.7373 0.3403 0.9475 0.5846 0.968
chair 0.4132 0.5787 0.4901 0.717 0.69
umbrella 0.0976 0.3372 0.2858 0.5705 0.991
chair 0.6362 0.5165 0.8318 0.6497 0.934
person 0.609 0.5318 0.7557 0.5846 0.829
chair 0.6004 0.5807 0.6787 0.6653 0.527
chair 0.4041 0.5646 0.4591 0.7114 0.687
handbag 0.2951 0.6827 0.3311 0.7286 0.581
chair 0.3929 0.4764 0.435 0.5567 0.738
chair 0.7072 0.5164 0.832 0.6434 0.959
person 0.2906 0.4501 0.3887 0.5551 0.96
chair 0.3836 0.4995 0.4393 0.616 0.806
person 0.4184 0.5061 0.5141 0.7275 0.998
umbrella 0.2117 0.3264 0.5378 0.7104 0.926
person 0.6867 0.5303 0.755 0.5687 0.824
umbrella 0.5149 0.3339 0.8128 0.5785 0.568
person 0.3388 0.4336 0.4084 0.6232 0.949
chair 0.2582 0.5024 0.3754 0.6138 0.659
umbrella 0.7332 0.3414 0.9471 0.4405 0.773
chair 0.2592 0.4937 0.4145 0.6148 0.949
person 0.486 0.4863 0.5503 0.734 0.996
person 0.66 0.5328 0.7576 0.5757 0.948
person 0.1796 0.512 0.3103 0.5851 0.901
bird 0.018 0.7498 0.0728 0.8054 0.987
chair 0.7837 0.4863 0.9497 0.6492 0.993
chair 0.3832 0.4773 0.4413 0.6177 0.676
person 0.2813 0.4984 0.3568 0.5575 0.787
backpack 0.8316 0.5456 0.9137 0.6005 0.823
umbrella 0.5137 0.3303 0.8134 0.7064 0.918
chair 0.4187 0.5446 0.5802 0.7212 0.645
chair 0.5352 0.5481 0.5922 0.655 0.508
chair 0.5552 0.5534 0.6641 0.7061 0.832
chair 0.5776 0.5689 0.645 0.6341 0.736
chair 0.5245 0.5492 0.5971 0.7147 0.98
umbrella 0.5177 0.3343 0.8123 0.4277 0.788
