person 0.1252 0.6626 0.1394 0.7195 0.947
truck 0.4045 0.6324 0.4544 0.6582 0.518
person 0.4948 0.6383 0.5089 0.6957 0.937
person 0.2424 0.6543 0.255 0.6891 0.718
person 0.1334 0.6732 0.1529 0.7197 0.547
person 0.5412 0.6667 0.551 0.6895 0.93
person 0.7962 0.5986 0.8068 0.6276 0.694
person 0.792 0.6174 0.8012 0.6616 0.969
person 0.7123 0.6354 0.7232 0.6781 0.983
person 0.9647 0.659 0.9784 0.6912 0.844
person 0.6466 0.6392 0.6615 0.6874 0.892
person 0.6726 0.6392 0.6878 0.6881 0.578
person 0.0958 0.6571 0.1053 0.6865 0.501
person 0.4849 0.6411 0.4995 0.6946 0.698
person 0.819 0.5995 0.8286 0.6271 0.551
person 0.7955 0.6048 0.8043 0.6411 0.755
bus 0.2101 0.6484 0.253 0.6879 0.687
car 0.8211 0.5875 0.8556 0.6108 0.887
person 0.4406 0.6385 0.4605 0.6984 0.994
car 0.744 0.604 0.775 0.6288 0.524
person 0.6122 0.6569 0.6264 0.6836 0.778
car 0.3524 0.637 0.3885 0.6635 0.594
car 0.726 0.606 0.7579 0.6271 0.859
car 0.4011 0.6341 0.4504 0.6585 0.983
car 0.1944 0.6654 0.2398 0.6927 0.895
person 0.172 0.6573 0.1885 0.6982 0.725
car 0.945 0.5644 0.9799 0.5839 0.734
person 0.3416 0.6343 0.3571 0.6728 0.706
car 0.9135 0.5755 0.9377 0.5953 0.796
kite 0.3282 0.1985 0.814 0.438 0.999
person 0.6512 0.655 0.6709 0.6893 0.905
person 0.8628 0.606 0.8708 0.6307 0.847
person 0.4814 0.6405 0.4971 0.6946 0.973
person 0.2291 0.6554 0.2425 0.6922 0.812
person 0.5648 0.6318 0.5779 0.6843 0.992
car 0.7806 0.5942 0.8093 0.6207 0.574
person 0.6775 0.6345 0.6939 0.6885 0.992
person 0.6231 0.6395 0.6376 0.6873 0.877
person 0.6336 0.6399 0.6488 0.6879 0.921
person 0.1883 0.6561 0.2039 0.6956 0.645
